0.1 0.1 1 
0.2 0.2 0.99 
0.3 0.299 0.97 
0.4 0.396 0.9401 
0.5 0.49001 0.9005 
0.6 0.58006 0.851499 
0.7 0.66521 0.793493 
0.8 0.744559 0.726972 
0.9 0.817256 0.652516 
1 0.882508 0.57079 
1.1 0.939587 0.48254 
1.2 0.987841 0.388581 
1.3 1.0267 0.289797 
1.4 1.05568 0.187127 
1.5 1.07439 0.0815591 
1.6 1.08255 -0.0258801 
1.7 1.07996 -0.134135 
1.8 1.06655 -0.242131 
1.9 1.04233 -0.348785 
2 1.00745 -0.453019 
2.1 0.962152 -0.553764 
2.2 0.906776 -0.649979 
2.3 0.841778 -0.740657 
2.4 0.767712 -0.824835 
2.5 0.685229 -0.901606 
2.6 0.595068 -0.970129 
2.7 0.498055 -1.02964 
2.8 0.395092 -1.07944 
2.9 0.287148 -1.11895 
3 0.175253 -1.14767 
3.1 0.0604862 -1.16519 
3.2 -0.0560329 -1.17124 
3.3 -0.173157 -1.16564 
3.4 -0.28972 -1.14832 
3.5 -0.404552 -1.11935 
3.6 -0.516487 -1.07889 
3.7 -0.624376 -1.02724 
3.8 -0.727101 -0.964806 
3.9 -0.823582 -0.892096 
4 -0.912791 -0.809738 
4.1 -0.993765 -0.718459 
4.2 -1.06561 -0.619083 
4.3 -1.12752 -0.512522 
4.4 -1.17877 -0.39977 
4.5 -1.21875 -0.281892 
4.6 -1.24694 -0.160018 
4.7 -1.26294 -0.0353239 
4.8 -1.26647 0.09097 
4.9 -1.25737 0.217617 
5 -1.23561 0.343355 
5.1 -1.20128 0.466916 
5.2 -1.15459 0.587044 
5.3 -1.09588 0.702502 
5.4 -1.02563 0.81209 
5.5 -0.944422 0.914654 
5.6 -0.852957 1.0091 
5.7 -0.752047 1.09439 
5.8 -0.642608 1.1696 
5.9 -0.525649 1.23386 
6 -0.402263 1.28642 
6.1 -0.273621 1.32665 
6.2 -0.140956 1.35401 
6.3 -0.00555481 1.36811 
6.4 0.131256 1.36866 
6.5 0.268122 1.35554 
6.6 0.403675 1.32872 
6.7 0.536548 1.28836 
6.8 0.665383 1.2347 
6.9 0.788854 1.16816 
7 0.90567 1.08928 
7.1 1.0146 0.998711 
7.2 1.11447 0.897251 
7.3 1.20419 0.785804 
7.4 1.28277 0.665385 
7.5 1.34931 0.537107 
7.6 1.40302 0.402176 
7.7 1.44324 0.261874 
7.8 1.46943 0.117549 
7.9 1.48118 -0.0293934 
8 1.47824 -0.177512 
8.1 1.46049 -0.325336 
8.2 1.42796 -0.471385 
8.3 1.38082 -0.614181 
8.4 1.3194 -0.752263 
8.5 1.24418 -0.884204 
8.6 1.15576 -1.00862 
8.7 1.05489 -1.1242 
8.8 0.942474 -1.22969 
8.9 0.819505 -1.32393 
9 0.687112 -1.40588 
9.1 0.546524 -1.4746 
9.2 0.399064 -1.52925 
9.3 0.246139 -1.56915 
9.4 0.0892239 -1.59377 
9.5 -0.0701529 -1.60269 
9.6 -0.230422 -1.59567 
9.7 -0.389989 -1.57263 
9.8 -0.547253 -1.53363 
9.9 -0.700616 -1.47891 
10 -0.848507 -1.40885 
