0 0 1
0.2 0.2 0.98
0.4 0.392 0.9204
0.6 0.56824 0.823592
0.8 0.721594 0.693472
1 0.845856 0.535284
1.2 0.935996 0.355407
1.4 0.988357 0.1611
1.6 1.00081 -0.0397937
1.8 0.972835 -0.23916
2 0.905547 -0.428944
2.2 0.801647 -0.601474
2.4 0.665319 -0.749774
2.6 0.502058 -0.867842
2.8 0.318448 -0.950897
3 0.1219 -0.995569
3.2 -0.0796519 -1.00004
3.4 -0.278066 -0.964106
3.6 -0.465326 -0.889211
3.8 -0.633862 -0.778361
4 -0.776857 -0.636022
4.2 -0.888524 -0.46793
4.4 -0.96434 -0.280867
4.6 -1.00123 -0.0823813
4.8 -0.997678 0.119512
5 -0.953822 0.316657
5.2 -0.871414 0.501088
5.4 -0.753768 0.665349
5.6 -0.605623 0.802796
5.8 -0.432951 0.907865
6 -0.242719 0.976298
6.2 -0.0426056 1.00532
6.4 0.15931 0.99373
6.6 0.35487 0.941994
6.8 0.536171 0.85218
7 0.695884 0.727902
7.2 0.827546 0.574168
7.4 0.925829 0.397175
7.6 0.986747 0.204066
7.8 1.00783 0.00263487
8 0.988196 -0.198983
8.2 0.928635 -0.392642
8.4 0.831534 -0.570517
8.6 0.7008 -0.725413
8.8 0.541702 -0.851065
9 0.360655 -0.942384
9.2 0.164965 -0.995667
9.4 -0.0374681 -1.00875
9.6 -0.238468 -0.981078
9.8 -0.429914 -0.913763
10 -0.604069 -0.809505
10.2 -0.753888 -0.672501
10.4 -0.873311 -0.508273
10.6 -0.957499 -0.323446
10.8 -1.00304 -0.125477
11 -1.00807 0.0776402
11.2 -0.972384 0.277702
11.4 -0.897395 0.466625
11.6 -0.786123 0.636771
11.8 -0.643046 0.78126
12 -0.473933 0.894244
12.2 -0.285605 0.971146
12.4 -0.0856641 1.00884
12.6 0.117818 1.0058
12.8 0.316622 0.962121
13 0.502713 0.879554
13.2 0.66857 0.76142
13.4 0.807482 0.612478
13.6 0.913828 0.438732
13.8 0.983298 0.247191
14 1.01307 0.0455879
14.2 1.00193 -0.157938
14.4 0.9503 -0.355165
14.6 0.860262 -0.538121
14.8 0.735432 -0.699411
15 0.580841 -0.832509
15.2 0.402722 -0.932027
15.4 0.208263 -0.993931
15.6 0.00531098 -1.01571
15.8 -0.197936 -0.996453
16 -0.393268 -0.936937
16.2 -0.57279 -0.839545
16.4 -0.729243 -0.708196
16.6 -0.856298 -0.548183
16.8 -0.948808 -0.36596
17 -1.00302 -0.168879
17.2 -1.01674 0.0351034
17.4 -0.989384 0.237749
17.6 -0.922046 0.430871
17.8 -0.817431 0.606663
18 -0.67975 0.758016
18.2 -0.514552 0.878806
18.4 -0.3285 0.96414
18.6 -0.129102 1.01056
18.8 0.0755916 1.01617
19 0.277313 0.980725
19.2 0.467912 0.905648
19.4 0.639683 0.793952
19.6 0.78568 0.650137
19.8 0.899993 0.479998
20 0.977993 0.290399
20.2 1.01651 0.0889926
20.4 1.01398 -0.11609
20.6 0.970484 -0.316564
20.8 0.887761 -0.50433
21 0.76914 -0.671796
21.2 0.619398 -0.812188
21.4 0.444573 -0.919824
21.6 0.251717 -0.990342
21.8 0.0486139 -1.02088
22 -0.156534 -1.01018
22.2 -0.35544 -0.958673
22.4 -0.540066 -0.868411
22.6 -0.702947 -0.74303
22.8 -0.837494 -0.58758
23 -0.93826 -0.40833
23.2 -1.00116 -0.212511
23.4 -1.02364 -0.0080288
23.6 -1.00477 0.19686
23.8 -0.945305 0.393877
24 -0.847624 0.575061
24.2 -0.715659 0.733084
24.4 -0.554729 0.861554
24.6 -0.371324 0.955269
24.8 -0.172843 1.01043
25 0.0326991 1.02479
25.2 0.237003 0.997753
25.4 0.431813 0.930397
25.6 0.609256 0.825427
25.8 0.762157 0.687067
26 0.884327 0.520894
26.2 0.970819 0.333611
26.4 1.01812 0.132775
26.6 1.02432 -0.0735057
26.8 0.98913 -0.276899
27 0.913968 -0.469187
27.2 0.801851 -0.642597
27.4 0.657294 -0.790115
27.6 0.486125 -0.905772
27.8 0.295249 -0.984881
28 0.0923674 -1.02423
28.2 -0.114327 -1.02222
28.4 -0.316485 -0.978912
28.6 -0.505937 -0.896037
28.8 -0.675026 -0.776929
29 -0.816911 -0.626385
29.2 -0.92585 -0.450475
29.4 -0.997428 -0.256296
29.6 -1.02874 -0.0516842
29.8 -1.0185 0.155097
30 -0.967111 0.355695
30.2 -0.87663 0.542004
30.4 -0.750697 0.70649
30.6 -0.594385 0.842499
30.8 -0.413997 0.944526
31 -0.216812 1.00844
31.2 -0.0107888 1.03163
31.4 0.195753 1.01315
31.6 0.394469 0.953741
31.8 0.577327 0.855772
32 0.736935 0.723191
32.2 0.866835 0.56134
32.4 0.961766 0.376747
32.6 1.01788 0.176858
32.8 1.03289 -0.0302548
33 1.00619 -0.236229
33.2 0.938816 -0.432741
33.4 0.833491 -0.611849
33.6 0.694452 -0.766311
33.8 0.5273 -0.889875
34 0.33878 -0.977537
34.2 0.136496 -1.02574
34.4 -0.071382 -1.03253
34.6 -0.27646 -0.9976
34.8 -0.470451 -0.922356
35 -0.645513 -0.809819
35.2 -0.794566 -0.66452
35.4 -0.911579 -0.492316
35.6 -0.991811 -0.300154
35.8 -1.03201 -0.095789
36 -1.03052 0.112528
36.2 -0.987407 0.316382
36.4 -0.904382 0.507536
36.6 -0.784788 0.678261
36.8 -0.63344 0.821654
37 -0.45644 0.931908
37.2 -0.26093 1.00456
37.4 -0.0547993 1.03665
37.6 0.153627 1.02688
37.8 0.355931 0.975617
38 0.543935 0.884918
38.2 0.71004 0.758433
38.4 0.847526 0.601256
38.6 0.950827 0.419726
38.8 1.01576 0.221166
39 1.03967 0.0135914
39.2 1.0216 -0.194615
39.4 0.962243 -0.395042
39.6 0.86399 -0.57959
39.8 0.730792 -0.740796
40 0.568017 -0.872139
40.2 0.382229 -0.9683
40.4 0.180924 -1.02538
40.6 -0.02777 -1.04106
40.8 -0.235426 -1.01468
41 -0.433654 -0.947303
41.2 -0.614441 -0.841626
41.4 -0.770478 -0.701905
41.6 -0.895449 -0.533772
41.8 -0.984294 -0.344006
42 -1.03341 -0.140267
42.2 -1.0408 0.06922
42.4 -1.00614 0.275995
42.6 -0.930813 0.471702
42.8 -0.817857 0.64843
43 -0.671814 0.799033
43.2 -0.498571 0.917415
43.4 -0.305116 0.998781
43.6 -0.0992578 1.03983
43.8 0.110693 1.03888
44 0.316256 0.995967
44.2 0.509124 0.912797
44.4 0.681501 0.792716
44.6 0.826414 0.640561
44.8 0.937998 0.462467
45 1.01173 0.265618
45.2 1.04462 0.0579596
45.4 1.03532 -0.152124
45.6 0.984189 -0.356145
45.8 0.893276 -0.54586
46 0.766239 -0.713598
46.2 0.608194 -0.852574
46.4 0.425516 -0.957162
46.6 0.225573 -1.02312
46.8 0.0164372 -1.04777
47 -0.193446 -1.03011
47.2 -0.395598 -0.970814
47.4 -0.581849 -0.872278
47.6 -0.744668 -0.738463
47.8 -0.877467 -0.57476
48 -0.97487 -0.387771
48.2 -1.03293 -0.185042
48.4 -1.04928 0.0252443
48.6 -1.02324 0.234595
48.8 -0.955858 0.434551
49 -0.849831 0.617032
49.2 -0.709428 0.774657
49.4 -0.540308 0.90105
49.6 -0.349292 0.991091
49.8 -0.144088 1.04113
50 0.0670193 1.04912
50.2 0.275503 1.01474
50.4 0.47294 0.93934
50.6 0.65135 0.825966
50.8 0.803516 0.679176
51 0.923281 0.50489
51.2 1.00579 0.310136
51.4 1.0477 0.102774
51.6 1.04731 -0.108822
51.8 1.00459 -0.316107
52 0.921281 -0.510703
52.2 0.800715 -0.684746
52.4 0.647752 -0.831194
52.6 0.468558 -0.94412
52.8 0.270363 -1.01895
53 0.0611656 -1.05264
53.2 -0.150586 -1.04382
53.4 -0.356339 -0.992829
53.6 -0.547778 -0.901705
53.8 -0.717164 -0.774115
54 -0.857644 -0.6152
54.2 -0.963531 -0.431367
54.4 -1.03053 -0.230034
54.6 -1.05593 -0.0193266
54.8 -1.03868 0.192246
55 -0.979454 0.396136
55.2 -0.880637 0.584104
55.4 -0.746204 0.74855
55.6 -0.58157 0.882819
55.8 -0.393374 0.981477
56 -0.189212 1.04052
56.2 0.0226771 1.05755
56.4 0.233734 1.03187
56.6 0.435433 0.964483
56.8 0.619621 0.858107
57 0.77885 0.717021
57.2 0.906677 0.54691
57.4 0.997926 0.354637
57.6 1.04889 0.147959
57.8 1.05751 -0.0647795
58 1.0234 -0.274986
58.2 0.947937 -0.474166
58.4 0.834145 -0.654271
58.6 0.686608 -0.808014
58.8 0.511273 -0.929176
59 0.315213 -1.01285
59.2 0.106339 -1.05563
59.4 -0.106914 -1.05579
59.6 -0.315933 -1.01329
59.8 -0.512272 -0.929837
60 -0.687994 -0.808785
60.2 -0.835991 -0.655011
60.4 -0.950274 -0.474712
60.6 -1.02621 -0.275163
60.8 -1.06072 -0.0644178
61 -1.05239 0.149014
61.2 -1.00154 0.356512
61.4 -0.910205 0.549689
61.6 -0.782063 0.720736
61.8 -0.622274 0.862734
62 -0.437282 0.969934
62.2 -0.234549 1.03799
62.4 -0.0222601 1.06414
62.6 0.191014 1.04731
62.8 0.396655 0.988162
63 0.586355 0.889068
63.2 0.752441 0.754016
63.4 0.888196 0.588447
63.6 0.988121 0.399039
63.8 1.04817 0.193434
64 1.06589 -0.020068
64.2 1.04056 -0.232845
64.4 0.973178 -0.436299
64.6 0.866455 -0.622209
64.8 0.724684 -0.783056
65 0.553579 -0.912332
65.2 0.360041 -1.0048
65.4 0.15188 -1.05671
65.6 -0.0625 -1.06595
65.8 -0.274441 -1.03214
66 -0.475379 -0.956605
66.2 -0.657193 -0.842397
66.4 -0.812528 -0.69411
66.6 -0.9351 -0.517723
66.8 -1.01994 -0.320348
67 -1.06361 -0.109953
67.2 -1.06433 0.104969
67.4 -1.02205 0.315736
67.6 -0.938463 0.513831
67.8 -0.816927 0.691247
68 -0.662339 0.840808
68.2 -0.480931 0.956459
68.4 -0.28002 1.03352
68.6 -0.0677167 1.06885
68.8 0.147408 1.06102
69 0.356663 1.01031
69.2 0.551592 0.918776
69.4 0.724316 0.790082
69.6 0.867846 0.629417
69.8 0.976372 0.443259
70 1.0455 0.23912
70.2 1.07241 0.0252381
70.4 1.05601 -0.189749
70.6 0.99694 -0.397156
70.8 0.89757 -0.588601
71 0.761899 -0.756343
71.2 0.595392 -0.893596
71.4 0.404765 -0.994802
71.6 0.197709 -1.05586
71.8 -0.0174166 -1.07428
72 -0.231925 -1.04931
72.2 -0.43715 -0.981944
72.4 -0.624795 -0.874875
72.6 -0.787274 -0.732418
72.8 -0.918012 -0.560315
73 -1.01172 -0.365506
73.2 -1.06458 -0.155853
73.4 -1.07446 0.0601804
73.6 -1.04094 0.273869
73.8 -0.965343 0.476579
74 -0.850721 0.660116
74.2 -0.701683 0.817058
74.4 -0.524238 0.941053
74.6 -0.325542 1.02708
74.8 -0.113616 1.07165
75 0.102986 1.07294
75.2 0.315514 1.03088
75.4 0.515379 0.947161
75.6 0.694504 0.825141
75.8 0.845642 0.669738
76 0.962677 0.487215
76.2 1.04087 0.284935
76.4 1.07704 0.0710629
76.6 1.06971 -0.145765
76.8 1.01916 -0.356792
77 0.927419 -0.553488
77.2 0.798173 -0.727902
77.4 0.636629 -0.872979
77.6 0.449301 -0.982845
77.8 0.243746 -1.05305
78 0.0282613 -1.08074
78.2 -0.188451 -1.06477
78.4 -0.397637 -1.00579
78.6 -0.590842 -0.906145
78.8 -0.760254 -0.769854
79 -0.89902 -0.602406
79.2 -1.00152 -0.410554
79.4 -1.0636 -0.202039
79.6 -1.08274 0.0147223
79.8 -1.05814 0.230975
80 -0.99078 0.437983
80.2 -0.883367 0.627379
80.4 -0.740224 0.791505
80.6 -0.567119 0.92372
80.8 -0.371032 1.01867
81 -0.159878 1.0725
81.2 0.0578203 1.08303
81.4 0.273269 1.0498
81.6 0.477765 0.974153
81.8 0.66304 0.859117
82 0.821603 0.709327
82.2 0.947036 0.53082
82.4 1.03426 0.330796
82.6 1.07973 0.117328
82.8 1.0816 -0.100965
83 1.03978 -0.315266
83.2 0.95593 -0.516917
83.4 0.833428 -0.697765
83.6 0.677207 -0.850495
83.8 0.493564 -0.968927
84 0.289907 -1.04826
84.2 0.0744569 -1.08528
84.4 -0.144088 -1.07846
84.6 -0.356898 -1.02808
84.8 -0.555376 -0.936135
85 -0.731495 -0.806337
85.2 -0.878133 -0.643911
85.4 -0.989352 -0.455406
85.6 -1.06065 -0.248428
85.8 -1.08912 -0.0313301
86 -1.0736 0.18712
86.2 -1.01471 0.398099
86.4 -0.914793 0.593078
86.6 -0.777881 0.764175
86.8 -0.609489 0.904468
87 -0.416405 1.00828
87.2 -0.206422 1.07139
87.4 0.0119846 1.09125
87.6 0.229995 1.06703
87.8 0.4388 0.999687
88 0.629961 0.891933
88.2 0.795749 0.748102
88.4 0.929454 0.57399
88.6 1.02566 0.37662
88.8 1.08047 0.163955
89 1.09166 -0.0554191
89.2 1.05874 -0.272642
89.4 0.983035 -0.478937
89.6 0.867587 -0.665965
89.8 0.717043 -0.826163
90 0.537469 -0.953048
90.2 0.33611 -1.04148
90.4 0.121092 -1.08787
90.6 -0.098905 -1.09033
90.8 -0.314994 -1.04875
91 -0.518443 -0.964773
91.2 -0.701029 -0.841789
91.4 -0.855366 -0.684747
91.6 -0.975208 -0.499979
91.8 -1.0557 -0.294938
92 -1.09357 -0.0778991
92.2 -1.08728 0.142374
92.4 -1.03706 0.356983
92.6 -0.944924 0.557255
92.8 -0.814574 0.735095
93 -0.651264 0.883308
93.2 -0.461577 0.995894
93.4 -0.253167 1.06829
93.6 -0.0344449 1.09756
93.8 0.185756 1.0825
94 0.39854 1.0237
94.2 0.595309 0.923514
94.4 0.768105 0.785982
94.6 0.90994 0.616641
94.8 1.01507 0.422321
95 1.07923 0.21086
95.2 1.09982 -0.00920312
95.4 1.07598 -0.228983
95.6 1.00867 -0.4396
95.8 0.900573 -0.632541
96 0.756053 -0.800005
96.2 0.580931 -0.935215
96.4 0.38227 -1.0327
96.6 0.168085 -1.0885
96.8 -0.0529764 -1.10034
97 -0.271986 -1.06774
97.2 -0.480094 -0.99199
97.4 -0.668891 -0.876131
97.6 -0.830739 -0.724831
97.8 -0.95909 -0.544186
98 -1.04875 -0.341484
98.2 -1.09607 -0.124906
98.4 -1.09913 0.0968061
98.6 -1.05778 0.314695
98.8 -0.973689 0.519958
99 -0.850223 0.704297
99.2 -0.69236 0.860256
99.4 -0.506461 0.981523
99.6 -0.300028 1.06318
99.8 -0.0813902 1.10193
