0 0.707107 0.707107 0 
0.1 0.707107 0.707107 0.1 
0.2 0.700036 0.700036 0.2 
0.3 0.685894 0.685894 0.3 
0.4 0.664751 0.664751 0.4 
0.5 0.63675 0.63675 0.5 
0.6 0.602101 0.602101 0.6 
0.7 0.561084 0.561084 0.7 
0.8 0.514047 0.514047 0.8 
0.9 0.461399 0.461399 0.9 
1 0.40361 0.40361 1 
1.1 0.341207 0.341207 1.1 
1.2 0.274768 0.274768 1.2 
1.3 0.204917 0.204917 1.3 
1.4 0.132319 0.132319 1.4 
1.5 0.057671 0.057671 1.5 
1.6 -0.0183 -0.0183 1.6 
1.7 -0.0948477 -0.0948477 1.7 
1.8 -0.171212 -0.171212 1.8 
1.9 -0.246628 -0.246628 1.9 
2 -0.320333 -0.320333 2 
2.1 -0.39157 -0.39157 2.1 
2.2 -0.459605 -0.459605 2.2 
2.3 -0.523724 -0.523724 2.3 
2.4 -0.583246 -0.583246 2.4 
2.5 -0.637532 -0.637532 2.5 
2.6 -0.685985 -0.685985 2.6 
2.7 -0.728062 -0.728062 2.7 
2.8 -0.76328 -0.76328 2.8 
2.9 -0.791217 -0.791217 2.9 
3 -0.811522 -0.811522 3 
3.1 -0.823914 -0.823914 3.1 
3.2 -0.828191 -0.828191 3.2 
3.3 -0.824229 -0.824229 3.3 
3.4 -0.811985 -0.811985 3.4 
3.5 -0.791499 -0.791499 3.5 
3.6 -0.762892 -0.762892 3.6 
3.7 -0.726371 -0.726371 3.7 
3.8 -0.682221 -0.682221 3.8 
3.9 -0.630807 -0.630807 3.9 
4 -0.572571 -0.572571 4 
4.1 -0.508027 -0.508027 4.1 
4.2 -0.437758 -0.437758 4.2 
4.3 -0.362407 -0.362407 4.3 
4.4 -0.28268 -0.28268 4.4 
4.5 -0.199328 -0.199328 4.5 
4.6 -0.11315 -0.11315 4.6 
4.7 -0.0249778 -0.0249778 4.7 
4.8 0.0643255 0.0643255 4.8 
4.9 0.153879 0.153879 4.9 
5 0.242788 0.242788 5 
5.1 0.330159 0.330159 5.1 
5.2 0.415103 0.415103 5.2 
5.3 0.496744 0.496744 5.3 
5.4 0.574235 0.574235 5.4 
5.5 0.646758 0.646758 5.5 
5.6 0.713538 0.713538 5.6 
5.7 0.773852 0.773852 5.7 
5.8 0.827029 0.827029 5.8 
5.9 0.872469 0.872469 5.9 
6 0.909638 0.909638 6 
6.1 0.938082 0.938082 6.1 
6.2 0.95743 0.95743 6.2 
6.3 0.967397 0.967397 6.3 
6.4 0.96779 0.96779 6.4 
6.5 0.958509 0.958509 6.5 
6.6 0.939549 0.939549 6.6 
6.7 0.911005 0.911005 6.7 
6.8 0.873066 0.873066 6.8 
6.9 0.826016 0.826016 6.9 
7 0.770236 0.770236 7 
7.1 0.706195 0.706195 7.1 
7.2 0.634452 0.634452 7.2 
7.3 0.555647 0.555647 7.3 
7.4 0.470498 0.470498 7.4 
7.5 0.379792 0.379792 7.5 
7.6 0.284381 0.284381 7.6 
7.7 0.185173 0.185173 7.7 
7.8 0.08312 0.08312 7.8 
7.9 -0.0207842 -0.0207842 7.9 
8 -0.12552 -0.12552 8 
8.1 -0.230047 -0.230047 8.1 
8.2 -0.33332 -0.33332 8.2 
8.3 -0.434292 -0.434292 8.3 
8.4 -0.53193 -0.53193 8.4 
8.5 -0.625226 -0.625226 8.5 
8.6 -0.713203 -0.713203 8.6 
8.7 -0.794927 -0.794927 8.7 
8.8 -0.869519 -0.869519 8.8 
8.9 -0.936162 -0.936162 8.9 
9 -0.99411 -0.99411 9 
9.1 -1.0427 -1.0427 9.1 
9.2 -1.08134 -1.08134 9.2 
9.3 -1.10956 -1.10956 9.3 
9.4 -1.12696 -1.12696 9.4 
9.5 -1.13327 -1.13327 9.5 
9.6 -1.12831 -1.12831 9.6 
9.7 -1.11202 -1.11202 9.7 
9.8 -1.08444 -1.08444 9.8 
9.9 -1.04575 -1.04575 9.9 
10 -0.996205 -0.996205 10 
10.1 -0.936207 -0.936207 10.1 
10.2 -0.866246 -0.866246 10.2 
10.3 -0.786924 -0.786924 10.3 
10.4 -0.698938 -0.698938 10.4 
10.5 -0.603084 -0.603084 10.5 
10.6 -0.50024 -0.50024 10.6 
10.7 -0.391366 -0.391366 10.7 
10.8 -0.277489 -0.277489 10.8 
10.9 -0.159698 -0.159698 10.9 
11 -0.0391329 -0.0391329 11 
11.1 0.0830296 0.0830296 11.1 
11.2 0.205583 0.205583 11.2 
11.3 0.327307 0.327307 11.3 
11.4 0.446975 0.446975 11.4 
11.5 0.563369 0.563369 11.5 
11.6 0.675294 0.675294 11.6 
11.7 0.781585 0.781585 11.7 
11.8 0.881123 0.881123 11.8 
11.9 0.972846 0.972846 11.9 
12 1.05576 1.05576 12 
12.1 1.12894 1.12894 12.1 
12.2 1.19156 1.19156 12.2 
12.3 1.2429 1.2429 12.3 
12.4 1.28232 1.28232 12.4 
12.5 1.30931 1.30931 12.5 
12.6 1.32348 1.32348 12.6 
12.7 1.32455 1.32455 12.7 
12.8 1.31239 1.31239 12.8 
12.9 1.28699 1.28699 12.9 
13 1.24846 1.24846 13 
13.1 1.19706 1.19706 13.1 
13.2 1.13318 1.13318 13.2 
13.3 1.05732 1.05732 13.3 
13.4 0.970135 0.970135 13.4 
13.5 0.872375 0.872375 13.5 
13.6 0.764914 0.764914 13.6 
13.7 0.648729 0.648729 13.7 
13.8 0.524896 0.524896 13.8 
13.9 0.394575 0.394575 13.9 
14 0.259004 0.259004 14 
14.1 0.119489 0.119489 14.1 
14.2 -0.0226172 -0.0226172 14.2 
14.3 -0.165918 -0.165918 14.3 
14.4 -0.308993 -0.308993 14.4 
14.5 -0.450408 -0.450408 14.5 
14.6 -0.588733 -0.588733 14.6 
14.7 -0.722555 -0.722555 14.7 
14.8 -0.850489 -0.850489 14.8 
14.9 -0.971197 -0.971197 14.9 
15 -1.0834 -1.0834 15 
15.1 -1.18589 -1.18589 15.1 
15.2 -1.27755 -1.27755 15.2 
15.3 -1.35735 -1.35735 15.3 
15.4 -1.42437 -1.42437 15.4 
15.5 -1.47782 -1.47782 15.5 
15.6 -1.51703 -1.51703 15.6 
15.7 -1.54146 -1.54146 15.7 
15.8 -1.55071 -1.55071 15.8 
15.9 -1.54456 -1.54456 15.9 
16 -1.52289 -1.52289 16 
16.1 -1.48578 -1.48578 16.1 
16.2 -1.43344 -1.43344 16.2 
16.3 -1.36625 -1.36625 16.3 
16.4 -1.28472 -1.28472 16.4 
16.5 -1.18952 -1.18952 16.5 
16.6 -1.08148 -1.08148 16.6 
16.7 -0.961546 -0.961546 16.7 
16.8 -0.830796 -0.830796 16.8 
16.9 -0.69043 -0.69043 16.9 
17 -0.541756 -0.541756 17 
17.1 -0.386177 -0.386177 17.1 
17.2 -0.225181 -0.225181 17.2 
17.3 -0.0603238 -0.0603238 17.3 
17.4 0.106786 0.106786 17.4 
17.5 0.274498 0.274498 17.5 
17.6 0.441143 0.441143 17.6 
17.7 0.605043 0.605043 17.7 
17.8 0.764532 0.764532 17.8 
17.9 0.91797 0.91797 17.9 
18 1.06376 1.06376 18 
18.1 1.20038 1.20038 18.1 
18.2 1.32635 1.32635 18.2 
18.3 1.44032 1.44032 18.3 
18.4 1.54103 1.54103 18.4 
18.5 1.62734 1.62734 18.5 
18.6 1.69823 1.69823 18.6 
18.7 1.75285 1.75285 18.7 
18.8 1.79049 1.79049 18.8 
18.9 1.8106 1.8106 18.9 
19 1.81281 1.81281 19 
19.1 1.79691 1.79691 19.1 
19.2 1.76288 1.76288 19.2 
19.3 1.71088 1.71088 19.3 
19.4 1.64125 1.64125 19.4 
19.5 1.55452 1.55452 19.5 
19.6 1.45137 1.45137 19.6 
19.7 1.33268 1.33268 19.7 
19.8 1.19947 1.19947 19.8 
19.9 1.05294 1.05294 19.9 
20 0.894409 0.894409 20 
20.1 0.725352 0.725352 20.1 
20.2 0.54735 0.54735 20.2 
20.3 0.362095 0.362095 20.3 
20.4 0.171367 0.171367 20.4 
20.5 -0.0229826 -0.0229826 20.5 
20.6 -0.219046 -0.219046 20.6 
20.7 -0.414879 -0.414879 20.7 
20.8 -0.608522 -0.608522 20.8 
20.9 -0.798016 -0.798016 20.9 
21 -0.981425 -0.981425 21 
21.1 -1.15685 -1.15685 21.1 
21.2 -1.32247 -1.32247 21.2 
21.3 -1.47651 -1.47651 21.3 
21.4 -1.61734 -1.61734 21.4 
21.5 -1.74339 -1.74339 21.5 
21.6 -1.85327 -1.85327 21.6 
21.7 -1.94572 -1.94572 21.7 
21.8 -2.01964 -2.01964 21.8 
21.9 -2.0741 -2.0741 21.9 
22 -2.10836 -2.10836 22 
22.1 -2.12188 -2.12188 22.1 
22.2 -2.11432 -2.11432 22.2 
22.3 -2.08554 -2.08554 22.3 
22.4 -2.03561 -2.03561 22.4 
22.5 -1.96484 -1.96484 22.5 
22.6 -1.8737 -1.8737 22.6 
22.7 -1.76292 -1.76292 22.7 
22.8 -1.63339 -1.63339 22.8 
22.9 -1.48624 -1.48624 22.9 
23 -1.32276 -1.32276 23 
23.1 -1.14441 -1.14441 23.1 
23.2 -0.952839 -0.952839 23.2 
23.3 -0.749821 -0.749821 23.3 
23.4 -0.537275 -0.537275 23.4 
23.5 -0.31723 -0.31723 23.5 
23.6 -0.091812 -0.091812 23.6 
23.7 0.136778 0.136778 23.7 
23.8 0.366286 0.366286 23.8 
23.9 0.594426 0.594426 23.9 
24 0.818904 0.818904 24 
24.1 1.03744 1.03744 24.1 
24.2 1.24778 1.24778 24.2 
24.3 1.44775 1.44775 24.3 
24.4 1.63524 1.63524 24.4 
24.5 1.80826 1.80826 24.5 
24.6 1.96492 1.96492 24.6 
24.7 2.1035 2.1035 24.7 
24.8 2.22243 2.22243 24.8 
24.9 2.32032 2.32032 24.9 
25 2.39599 2.39599 25 
25.1 2.44846 2.44846 25.1 
25.2 2.47697 2.47697 25.2 
25.3 2.48099 2.48099 25.3 
25.4 2.46025 2.46025 25.4 
25.5 2.41469 2.41469 25.5 
25.6 2.34453 2.34453 25.6 
25.7 2.25023 2.25023 25.7 
25.8 2.13247 2.13247 25.8 
25.9 1.99222 1.99222 25.9 
26 1.83064 1.83064 26 
26.1 1.64914 1.64914 26.1 
26.2 1.44934 1.44934 26.2 
26.3 1.23304 1.23304 26.3 
26.4 1.00225 1.00225 26.4 
26.5 0.759124 0.759124 26.5 
26.6 0.505979 0.505979 26.6 
26.7 0.245244 0.245244 26.7 
26.8 -0.0205517 -0.0205517 26.8 
26.9 -0.2888 -0.2888 26.9 
27 -0.556842 -0.556842 27 
27.1 -0.821996 -0.821996 27.1 
27.2 -1.08158 -1.08158 27.2 
27.3 -1.33295 -1.33295 27.3 
27.4 -1.5735 -1.5735 27.4 
27.5 -1.80072 -1.80072 27.5 
27.6 -2.0122 -2.0122 27.6 
27.7 -2.20568 -2.20568 27.7 
27.8 -2.37904 -2.37904 27.8 
27.9 -2.53034 -2.53034 27.9 
28 -2.65785 -2.65785 28 
28.1 -2.76005 -2.76005 28.1 
28.2 -2.83568 -2.83568 28.2 
28.3 -2.88371 -2.88371 28.3 
28.4 -2.90338 -2.90338 28.4 
28.5 -2.89421 -2.89421 28.5 
28.6 -2.85601 -2.85601 28.6 
28.7 -2.78887 -2.78887 28.7 
28.8 -2.69316 -2.69316 28.8 
28.9 -2.56957 -2.56957 28.9 
29 -2.41905 -2.41905 29 
29.1 -2.24283 -2.24283 29.1 
29.2 -2.04242 -2.04242 29.2 
29.3 -1.81958 -1.81958 29.3 
29.4 -1.57632 -1.57632 29.4 
29.5 -1.31486 -1.31486 29.5 
29.6 -1.03764 -1.03764 29.6 
29.7 -0.747271 -0.747271 29.7 
29.8 -0.446525 -0.446525 29.8 
29.9 -0.138306 -0.138306 29.9 
30 0.174378 0.174378 30 
30.1 0.488445 0.488445 30.1 
30.2 0.800769 0.800769 30.2 
30.3 1.10821 1.10821 30.3 
30.4 1.40764 1.40764 30.4 
30.5 1.69599 1.69599 30.5 
30.6 1.97026 1.97026 30.6 
30.7 2.22757 2.22757 30.7 
30.8 2.46518 2.46518 30.8 
30.9 2.68052 2.68052 30.9 
31 2.8712 2.8712 31 
31.1 3.03508 3.03508 31.1 
31.2 3.17025 3.17025 31.2 
31.3 3.27506 3.27506 31.3 
31.4 3.34817 3.34817 31.4 
31.5 3.38853 3.38853 31.5 
31.6 3.39541 3.39541 31.6 
31.7 3.36841 3.36841 31.7 
31.8 3.30745 3.30745 31.8 
31.9 3.21281 3.21281 31.9 
32 3.08509 3.08509 32 
32.1 2.92524 2.92524 32.1 
32.2 2.73454 2.73454 32.2 
32.3 2.5146 2.5146 32.3 
32.4 2.2673 2.2673 32.4 
32.5 1.99486 1.99486 32.5 
32.6 1.69975 1.69975 32.6 
32.7 1.38468 1.38468 32.7 
32.8 1.05262 1.05262 32.8 
32.9 0.706717 0.706717 32.9 
33 0.350284 0.350284 33 
33.1 -0.0132162 -0.0132162 33.1 
33.2 -0.380219 -0.380219 33.2 
33.3 -0.74709 -0.74709 33.3 
33.4 -1.11016 -1.11016 33.4 
33.5 -1.46576 -1.46576 33.5 
33.6 -1.81025 -1.81025 33.6 
33.7 -2.14009 -2.14009 33.7 
33.8 -2.45183 -2.45183 33.8 
33.9 -2.74216 -2.74216 33.9 
34 -3.00798 -3.00798 34 
34.1 -3.24637 -3.24637 34.1 
34.2 -3.45469 -3.45469 34.2 
34.3 -3.63054 -3.63054 34.3 
34.4 -3.77185 -3.77185 34.4 
34.5 -3.87685 -3.87685 34.5 
34.6 -3.94413 -3.94413 34.6 
34.7 -3.97264 -3.97264 34.7 
34.8 -3.96171 -3.96171 34.8 
34.9 -3.91105 -3.91105 34.9 
35 -3.82078 -3.82078 35 
35.1 -3.6914 -3.6914 35.1 
35.2 -3.52381 -3.52381 35.2 
35.3 -3.3193 -3.3193 35.3 
35.4 -3.07956 -3.07956 35.4 
35.5 -2.80663 -2.80663 35.5 
35.6 -2.50289 -2.50289 35.6 
35.7 -2.1711 -2.1711 35.7 
35.8 -1.81427 -1.81427 35.8 
35.9 -1.43573 -1.43573 35.9 
36 -1.03905 -1.03905 36 
36.1 -0.628015 -0.628015 36.1 
36.2 -0.206587 -0.206587 36.2 
36.3 0.221122 0.221122 36.3 
36.4 0.650896 0.650896 36.4 
36.5 1.07846 1.07846 36.5 
36.6 1.49951 1.49951 36.6 
36.7 1.90978 1.90978 36.7 
36.8 2.30506 2.30506 36.8 
36.9 2.68123 2.68123 36.9 
37 3.03436 3.03436 37 
37.1 3.36067 3.36067 37.1 
37.2 3.65664 3.65664 37.2 
37.3 3.91901 3.91901 37.3 
37.4 4.1448 4.1448 37.4 
37.5 4.33141 4.33141 37.5 
37.6 4.47657 4.47657 37.6 
37.7 4.57841 4.57841 37.7 
37.8 4.63549 4.63549 37.8 
37.9 4.64679 4.64679 37.9 
38 4.61173 4.61173 38 
38.1 4.5302 4.5302 38.1 
38.2 4.40255 4.40255 38.2 
38.3 4.22961 4.22961 38.3 
38.4 4.01263 4.01263 38.4 
38.5 3.75336 3.75336 38.5 
38.6 3.45397 3.45397 38.6 
38.7 3.11704 3.11704 38.7 
38.8 2.74557 2.74557 38.8 
38.9 2.34293 2.34293 38.9 
39 1.91284 1.91284 39 
39.1 1.45931 1.45931 39.1 
39.2 0.986663 0.986663 39.2 
39.3 0.499417 0.499417 39.3 
39.4 0.00230511 0.00230511 39.4 
39.5 -0.499801 -0.499801 39.5 
39.6 -1.00193 -1.00193 39.6 
39.7 -1.49906 -1.49906 39.7 
39.8 -1.98617 -1.98617 39.8 
39.9 -2.45829 -2.45829 39.9 
40 -2.91055 -2.91055 40 
40.1 -3.33823 -3.33823 40.1 
40.2 -3.7368 -3.7368 40.2 
40.3 -4.10199 -4.10199 40.3 
40.4 -4.42981 -4.42981 40.4 
40.5 -4.71661 -4.71661 40.5 
40.6 -4.95912 -4.95912 40.6 
40.7 -5.15445 -5.15445 40.7 
40.8 -5.3002 -5.3002 40.8 
40.9 -5.3944 -5.3944 40.9 
41 -5.4356 -5.4356 41 
41.1 -5.42285 -5.42285 41.1 
41.2 -5.35575 -5.35575 41.2 
41.3 -5.23442 -5.23442 41.3 
41.4 -5.05953 -5.05953 41.4 
41.5 -4.8323 -4.8323 41.5 
41.6 -4.55448 -4.55448 41.6 
41.7 -4.22833 -4.22833 41.7 
41.8 -3.85663 -3.85663 41.8 
41.9 -3.44266 -3.44266 41.9 
42 -2.99011 -2.99011 42 
42.1 -2.50314 -2.50314 42.1 
42.2 -1.98627 -1.98627 42.2 
42.3 -1.44437 -1.44437 42.3 
42.4 -0.8826 -0.8826 42.4 
42.5 -0.306391 -0.306391 42.5 
42.6 0.278645 0.278645 42.6 
42.7 0.866744 0.866744 42.7 
42.8 1.45206 1.45206 42.8 
42.9 2.0287 2.0287 42.9 
43 2.59083 2.59083 43 
43.1 3.13267 3.13267 43.1 
43.2 3.64859 3.64859 43.2 
43.3 4.1332 4.1332 43.3 
43.4 4.58131 4.58131 43.4 
43.5 4.9881 4.9881 43.5 
43.6 5.34907 5.34907 43.6 
43.7 5.66016 5.66016 43.7 
43.8 5.91776 5.91776 43.8 
43.9 6.11876 6.11876 43.9 
44 6.26058 6.26058 44 
44.1 6.34122 6.34122 44.1 
44.2 6.35924 6.35924 44.2 
44.3 6.31386 6.31386 44.3 
44.4 6.20488 6.20488 44.4 
44.5 6.03277 6.03277 44.5 
44.6 5.7986 5.7986 44.6 
44.7 5.50411 5.50411 44.7 
44.8 5.15163 5.15163 44.8 
44.9 4.74411 4.74411 44.9 
45 4.28508 4.28508 45 
45.1 3.7786 3.7786 45.1 
45.2 3.22927 3.22927 45.2 
45.3 2.64216 2.64216 45.3 
45.4 2.02275 2.02275 45.4 
45.5 1.37692 1.37692 45.5 
45.6 0.710869 0.710869 45.6 
45.7 0.0310447 0.0310447 45.7 
45.8 -0.655888 -0.655888 45.8 
45.9 -1.34313 -1.34313 45.9 
46 -2.02382 -2.02382 46 
46.1 -2.69107 -2.69107 46.1 
46.2 -3.33809 -3.33809 46.2 
46.3 -3.95819 -3.95819 46.3 
46.4 -4.54491 -4.54491 46.4 
46.5 -5.09206 -5.09206 46.5 
46.6 -5.59375 -5.59375 46.6 
46.7 -6.04452 -6.04452 46.7 
46.8 -6.43935 -6.43935 46.8 
46.9 -6.77374 -6.77374 46.9 
47 -7.04374 -7.04374 47 
47.1 -7.246 -7.246 47.1 
47.2 -7.37782 -7.37782 47.2 
47.3 -7.43718 -7.43718 47.3 
47.4 -7.42276 -7.42276 47.4 
47.5 -7.33397 -7.33397 47.5 
47.6 -7.17096 -7.17096 47.6 
47.7 -6.9346 -6.9346 47.7 
47.8 -6.62654 -6.62654 47.8 
47.9 -6.24912 -6.24912 47.9 
48 -5.80545 -5.80545 48 
48.1 -5.29928 -5.29928 48.1 
48.2 -4.73505 -4.73505 48.2 
48.3 -4.11784 -4.11784 48.3 
48.4 -3.45327 -3.45327 48.4 
48.5 -2.74753 -2.74753 48.5 
48.6 -2.00725 -2.00725 48.6 
48.7 -1.2395 -1.2395 48.7 
48.8 -0.451673 -0.451673 48.8 
48.9 0.348548 0.348548 48.9 
49 1.15328 1.15328 49 
49.1 1.95454 1.95454 49.1 
49.2 2.74425 2.74425 49.2 
49.3 3.51443 3.51443 49.3 
49.4 4.25716 4.25716 49.4 
49.5 4.96474 4.96474 49.5 
49.6 5.62976 5.62976 49.6 
49.7 6.24513 6.24513 49.7 
49.8 6.8042 6.8042 49.8 
49.9 7.30082 7.30082 49.9 
50 7.72939 7.72939 50 
50.1 8.08496 8.08496 50.1 
50.2 8.36323 8.36323 50.2 
50.3 8.56066 8.56066 50.3 
50.4 8.67445 8.67445 50.4 
50.5 8.70264 8.70264 50.5 
50.6 8.64408 8.64408 50.6 
50.7 8.49849 8.49849 50.7 
50.8 8.26647 8.26647 50.8 
50.9 7.94946 7.94946 50.9 
51 7.54978 7.54978 51 
51.1 7.07061 7.07061 51.1 
51.2 6.51594 6.51594 51.2 
51.3 5.89057 5.89057 51.3 
51.4 5.20004 5.20004 51.4 
51.5 4.4506 4.4506 51.5 
51.6 3.64916 3.64916 51.6 
51.7 2.80321 2.80321 51.7 
51.8 1.92078 1.92078 51.8 
51.9 1.01031 1.01031 51.9 
52 0.0806303 0.0806303 52 
52.1 -0.85915 -0.85915 52.1 
52.2 -1.79974 -1.79974 52.2 
52.3 -2.73173 -2.73173 52.3 
52.4 -3.64573 -3.64573 52.4 
52.5 -4.53241 -4.53241 52.5 
52.6 -5.38263 -5.38263 52.6 
52.7 -6.18753 -6.18753 52.7 
52.8 -6.9386 -6.9386 52.8 
52.9 -7.6278 -7.6278 52.9 
53 -8.24761 -8.24761 53 
53.1 -8.79114 -8.79114 53.1 
53.2 -9.2522 -9.2522 53.2 
53.3 -9.62535 -9.62535 53.3 
53.4 -9.90597 -9.90597 53.4 
53.5 -10.0903 -10.0903 53.5 
53.6 -10.1757 -10.1757 53.6 
53.7 -10.1601 -10.1601 53.7 
53.8 -10.0427 -10.0427 53.8 
53.9 -9.82376 -9.82376 53.9 
54 -9.50438 -9.50438 54 
54.1 -9.08677 -9.08677 54.1 
54.2 -8.57411 -8.57411 54.2 
54.3 -7.97058 -7.97058 54.3 
54.4 -7.28131 -7.28131 54.4 
54.5 -6.51234 -6.51234 54.5 
54.6 -5.67055 -5.67055 54.6 
54.7 -4.76365 -4.76365 54.7 
54.8 -3.80003 -3.80003 54.8 
54.9 -2.78878 -2.78878 54.9 
55 -1.73953 -1.73953 55 
55.1 -0.662387 -0.662387 55.1 
55.2 0.432148 0.432148 55.2 
55.3 1.53331 1.53331 55.3 
55.4 2.63014 2.63014 55.4 
55.5 3.71165 3.71165 55.5 
55.6 4.76685 4.76685 55.6 
55.7 5.78494 5.78494 55.7 
55.8 6.75536 6.75536 55.8 
55.9 7.66792 7.66792 55.9 
56 8.51294 8.51294 56 
56.1 9.28128 9.28128 56.1 
56.2 9.96448 9.96448 56.2 
56.3 10.5549 10.5549 56.3 
56.4 11.0456 11.0456 56.4 
56.5 11.4308 11.4308 56.5 
56.6 11.7056 11.7056 56.6 
56.7 11.866 11.866 56.7 
56.8 11.9094 11.9094 56.8 
56.9 11.8341 11.8341 56.9 
57 11.6397 11.6397 57 
57.1 11.327 11.327 57.1 
57.2 10.8979 10.8979 57.2 
57.3 10.3555 10.3555 57.3 
57.4 9.70416 9.70416 57.4 
57.5 8.94924 8.94924 57.5 
57.6 8.09728 8.09728 57.6 
57.7 7.15583 7.15583 57.7 
57.8 6.13341 6.13341 57.8 
57.9 5.03943 5.03943 57.9 
58 3.88411 3.88411 58 
58.1 2.6784 2.6784 58.1 
58.2 1.43385 1.43385 58.2 
58.3 0.162514 0.162514 58.3 
58.4 -1.12316 -1.12316 58.4 
58.5 -2.41046 -2.41046 58.5 
58.6 -3.68653 -3.68653 58.6 
58.7 -4.93849 -4.93849 58.7 
58.8 -6.15359 -6.15359 58.8 
58.9 -7.3193 -7.3193 58.9 
59 -8.42348 -8.42348 59 
59.1 -9.45446 -9.45446 59.1 
59.2 -10.4012 -10.4012 59.2 
59.3 -11.2534 -11.2534 59.3 
59.4 -12.0016 -12.0016 59.4 
59.5 -12.6373 -12.6373 59.5 
59.6 -13.1529 -13.1529 59.6 
59.7 -13.5422 -13.5422 59.7 
59.8 -13.7999 -13.7999 59.8 
59.9 -13.9222 -13.9222 59.9 
60 -13.9066 -13.9066 60 
60.1 -13.7516 -13.7516 60.1 
60.2 -13.4577 -13.4577 60.2 
60.3 -13.0262 -13.0262 60.3 
60.4 -12.4601 -12.4601 60.4 
60.5 -11.7638 -11.7638 60.5 
60.6 -10.9429 -10.9429 60.6 
60.7 -10.0043 -10.0043 60.7 
60.8 -8.95633 -8.95633 60.8 
60.9 -7.8083 -7.8083 60.9 
61 -6.5707 -6.5707 61 
61.1 -5.25502 -5.25502 61.1 
61.2 -3.87363 -3.87363 61.2 
61.3 -2.43969 -2.43969 61.3 
61.4 -0.967014 -0.967014 61.4 
61.5 0.530057 0.530057 61.5 
61.6 2.0368 2.0368 61.6 
61.7 3.53824 3.53824 61.7 
61.8 5.01931 5.01931 61.8 
61.9 6.465 6.465 61.9 
62 7.8605 7.8605 62 
62.1 9.19135 9.19135 62.1 
62.2 10.4436 10.4436 62.2 
62.3 11.6039 11.6039 62.3 
62.4 12.6598 12.6598 62.4 
62.5 13.5997 13.5997 62.5 
62.6 14.4129 14.4129 62.6 
62.7 15.0902 15.0902 62.7 
62.8 15.6233 15.6233 62.8 
62.9 16.0055 16.0055 62.9 
63 16.2315 16.2315 63 
63.1 16.2975 16.2975 63.1 
63.2 16.2011 16.2011 63.2 
63.3 15.9418 15.9418 63.3 
63.4 15.5204 15.5204 63.4 
63.5 14.9396 14.9396 63.5 
63.6 14.2036 14.2036 63.6 
63.7 13.3182 13.3182 63.7 
63.8 12.2908 12.2908 63.8 
63.9 11.1302 11.1302 63.9 
64 9.84673 9.84673 64 
64.1 8.45192 8.45192 64.1 
64.2 6.95864 6.95864 64.2 
64.3 5.38085 5.38085 64.3 
64.4 3.73347 3.73347 64.4 
64.5 2.03228 2.03228 64.5 
64.6 0.293753 0.293753 64.6 
64.7 -1.46509 -1.46509 64.7 
64.8 -3.22688 -3.22688 64.8 
64.9 -4.97401 -4.97401 64.9 
65 -6.68888 -6.68888 65 
65.1 -8.354 -8.354 65.1 
65.2 -9.95224 -9.95224 65.2 
65.3 -11.4669 -11.4669 65.3 
65.4 -12.8821 -12.8821 65.4 
65.5 -14.1826 -14.1826 65.5 
65.6 -15.3543 -15.3543 65.6 
65.7 -16.3842 -16.3842 65.7 
65.8 -17.2605 -17.2605 65.8 
65.9 -17.9729 -17.9729 65.9 
66 -18.5128 -18.5128 66 
66.1 -18.8729 -18.8729 66.1 
66.2 -19.048 -19.048 66.2 
66.3 -19.0342 -19.0342 66.3 
66.4 -18.83 -18.83 66.4 
66.5 -18.4355 -18.4355 66.5 
66.6 -17.8527 -17.8527 66.6 
66.7 -17.0855 -17.0855 66.7 
66.8 -16.1397 -16.1397 66.8 
66.9 -15.0232 -15.0232 66.9 
67 -13.7452 -13.7452 67 
67.1 -12.317 -12.317 67.1 
67.2 -10.7513 -10.7513 67.2 
67.3 -9.06249 -9.06249 67.3 
67.4 -7.26615 -7.26615 67.4 
67.5 -5.37919 -5.37919 67.5 
67.6 -3.41956 -3.41956 67.6 
67.7 -1.40614 -1.40614 67.7 
67.8 0.641478 0.641478 67.8 
67.9 2.70315 2.70315 67.9 
68 4.75842 4.75842 68 
68.1 6.78665 6.78665 68.1 
68.2 8.76729 8.76729 68.2 
68.3 10.6801 10.6801 68.3 
68.4 12.5052 12.5052 68.4 
68.5 14.2235 14.2235 68.5 
68.6 15.8167 15.8167 68.6 
68.7 17.2678 17.2678 68.7 
68.8 18.5606 18.5606 68.8 
68.9 19.6808 19.6808 68.9 
69 20.6154 20.6154 69 
69.1 21.3531 21.3531 69.1 
69.2 21.8847 21.8847 69.2 
69.3 22.2028 22.2028 69.3 
69.4 22.302 22.302 69.4 
69.5 22.1792 22.1792 69.5 
69.6 21.8334 21.8334 69.6 
69.7 21.2658 21.2658 69.7 
69.8 20.4799 20.4799 69.8 
69.9 19.4812 19.4812 69.9 
70 18.2778 18.2778 70 
70.1 16.8796 16.8796 70.1 
70.2 15.2986 15.2986 70.2 
70.3 13.5488 13.5488 70.3 
70.4 11.6461 11.6461 70.4 
70.5 9.60781 9.60781 70.5 
70.6 7.45308 7.45308 70.6 
70.7 5.20228 5.20228 70.7 
70.8 2.87694 2.87694 70.8 
70.9 0.499586 0.499586 70.9 
71 -1.90654 -1.90654 71 
71.1 -4.31766 -4.31766 71.1 
71.2 -6.70972 -6.70972 71.2 
71.3 -9.0586 -9.0586 71.3 
71.4 -11.3404 -11.3404 71.4 
71.5 -13.5316 -13.5316 71.5 
71.6 -15.6094 -15.6094 71.6 
71.7 -17.5518 -17.5518 71.7 
71.8 -19.3382 -19.3382 71.8 
71.9 -20.9491 -20.9491 71.9 
72 -22.3666 -22.3666 72 
72.1 -23.5746 -23.5746 72.1 
72.2 -24.5589 -24.5589 72.2 
72.3 -25.3075 -25.3075 72.3 
72.4 -25.8105 -25.8105 72.4 
72.5 -26.0604 -26.0604 72.5 
72.6 -26.0522 -26.0522 72.6 
72.7 -25.7834 -25.7834 72.7 
72.8 -25.2541 -25.2541 72.8 
72.9 -24.4669 -24.4669 72.9 
73 -23.4273 -23.4273 73 
73.1 -22.1429 -22.1429 73.1 
73.2 -20.6243 -20.6243 73.2 
73.3 -18.8842 -18.8842 73.3 
73.4 -16.9379 -16.9379 73.4 
73.5 -14.8028 -14.8028 73.5 
73.6 -12.4982 -12.4982 73.6 
73.7 -10.0457 -10.0457 73.7 
73.8 -7.46815 -7.46815 73.8 
73.9 -4.79016 -4.79016 73.9 
74 -2.03749 -2.03749 74 
74.1 0.763087 0.763087 74.1 
74.2 3.58404 3.58404 74.2 
74.3 6.39735 6.39735 74.3 
74.4 9.17483 9.17483 74.4 
74.5 11.8883 11.8883 74.5 
74.6 14.5101 14.5101 74.6 
74.7 17.013 17.013 74.7 
74.8 19.3707 19.3707 74.8 
74.9 21.5584 21.5584 74.9 
75 23.5523 23.5523 75 
75.1 25.3307 25.3307 75.1 
75.2 26.8735 26.8735 75.2 
75.3 28.163 28.163 75.3 
75.4 29.1838 29.1838 75.4 
75.5 29.9229 29.9229 75.5 
75.6 30.3703 30.3703 75.6 
75.7 30.5184 30.5184 75.7 
75.8 30.3627 30.3627 75.8 
75.9 29.9019 29.9019 75.9 
76 29.1375 29.1375 76 
76.1 28.0741 28.0741 76.1 
76.2 26.7193 26.7193 76.2 
76.3 25.0837 25.0837 76.3 
76.4 23.1809 23.1809 76.4 
76.5 21.0274 21.0274 76.5 
76.6 18.642 18.642 76.6 
76.7 16.0463 16.0463 76.7 
76.8 13.2642 13.2642 76.8 
76.9 10.3216 10.3216 76.9 
77 7.24643 7.24643 77 
77.1 4.06802 4.06802 77.1 
77.2 0.817142 0.817142 77.2 
77.3 -2.47442 -2.47442 77.3 
77.4 -5.77415 -5.77415 77.4 
77.5 -9.04913 -9.04913 77.5 
77.6 -12.2664 -12.2664 77.6 
77.7 -15.3931 -15.3931 77.7 
77.8 -18.3972 -18.3972 77.8 
77.9 -21.2474 -21.2474 77.9 
78 -23.9136 -23.9136 78 
78.1 -26.3673 -26.3673 78.1 
78.2 -28.5818 -28.5818 78.2 
78.3 -30.5327 -30.5327 78.3 
78.4 -32.1978 -32.1978 78.4 
78.5 -33.5576 -33.5576 78.5 
78.6 -34.5954 -34.5954 78.6 
78.7 -35.2976 -35.2976 78.7 
78.8 -35.6538 -35.6538 78.8 
78.9 -35.6571 -35.6571 78.9 
79 -35.3038 -35.3038 79 
79.1 -34.594 -34.594 79.1 
79.2 -33.5311 -33.5311 79.2 
79.3 -32.1223 -32.1223 79.3 
79.4 -30.3782 -30.3782 79.4 
79.5 -28.3128 -28.3128 79.5 
79.6 -25.9437 -25.9437 79.6 
79.7 -23.2914 -23.2914 79.7 
79.8 -20.3798 -20.3798 79.8 
79.9 -17.2351 -17.2351 79.9 
80 -13.8867 -13.8867 80 
80.1 -10.366 -10.366 80.1 
80.2 -6.70635 -6.70635 80.2 
80.3 -2.94306 -2.94306 80.3 
80.4 0.887286 0.887286 80.4 
80.5 4.74707 4.74707 80.5 
80.6 8.59797 8.59797 80.6 
80.7 12.4014 12.4014 80.7 
80.8 16.1189 16.1189 80.8 
80.9 19.7123 19.7123 80.9 
81 23.1446 23.1446 81 
81.1 26.3797 26.3797 81.1 
81.2 29.3834 29.3834 81.2 
81.3 32.1233 32.1233 81.3 
81.4 34.5693 34.5693 81.4 
81.5 36.6941 36.6941 81.5 
81.6 38.4733 38.4733 81.6 
81.7 39.8855 39.8855 81.7 
81.8 40.9129 40.9129 81.8 
81.9 41.5415 41.5415 81.9 
82 41.761 41.761 82 
82.1 41.565 41.565 82.1 
82.2 40.9515 40.9515 82.2 
82.3 39.9223 39.9223 82.3 
82.4 38.4836 38.4836 82.4 
82.5 36.6456 36.6456 82.5 
82.6 34.4228 34.4228 82.6 
82.7 31.8336 31.8336 82.7 
82.8 28.9001 28.9001 82.8 
82.9 25.6483 25.6483 82.9 
83 22.1075 22.1075 83 
83.1 18.3103 18.3103 83.1 
83.2 14.2919 14.2919 83.2 
83.3 10.0904 10.0904 83.3 
83.4 5.74606 5.74606 83.4 
83.5 1.30078 1.30078 83.5 
83.6 -3.20197 -3.20197 83.6 
83.7 -7.71772 -7.71772 83.7 
83.8 -12.2015 -12.2015 83.8 
83.9 -16.608 -16.608 83.9 
84 -20.8926 -20.8926 84 
84.1 -25.011 -25.011 84.1 
84.2 -28.9206 -28.9206 84.2 
84.3 -32.58 -32.58 84.3 
84.4 -35.9502 -35.9502 84.4 
84.5 -38.9946 -38.9946 84.5 
84.6 -41.6795 -41.6795 84.6 
84.7 -43.9745 -43.9745 84.7 
84.8 -45.8527 -45.8527 84.8 
84.9 -47.2911 -47.2911 84.9 
85 -48.271 -48.271 85 
85.1 -48.778 -48.778 85.1 
85.2 -48.8023 -48.8023 85.2 
85.3 -48.3388 -48.3388 85.3 
85.4 -47.3873 -47.3873 85.4 
85.5 -45.9524 -45.9524 85.5 
85.6 -44.0436 -44.0436 85.6 
85.7 -41.6753 -41.6753 85.7 
85.8 -38.8666 -38.8666 85.8 
85.9 -35.6411 -35.6411 85.9 
86 -32.0269 -32.0269 86 
86.1 -28.0563 -28.0563 86.1 
86.2 -23.7655 -23.7655 86.2 
86.3 -19.1941 -19.1941 86.3 
86.4 -14.385 -14.385 86.4 
86.5 -9.38404 -9.38404 86.5 
86.6 -4.23919 -4.23919 86.6 
86.7 0.999497 0.999497 86.7 
86.8 6.28058 6.28058 86.8 
86.9 11.5517 11.5517 86.9 
87 16.7599 16.7599 87 
87.1 21.8527 21.8527 87.1 
87.2 26.7779 26.7779 87.2 
87.3 31.4845 31.4845 87.3 
87.4 35.9234 35.9234 87.4 
87.5 40.0474 40.0474 87.5 
87.6 43.8122 43.8122 87.6 
87.7 47.1765 47.1765 87.7 
87.8 50.1026 50.1026 87.8 
87.9 52.5571 52.5571 87.9 
88 54.5105 54.5105 88 
88.1 55.9383 55.9383 88.1 
88.2 56.821 56.821 88.2 
88.3 57.1443 57.1443 88.3 
88.4 56.8995 56.8995 88.4 
88.5 56.0831 56.0831 88.5 
88.6 54.6978 54.6978 88.6 
88.7 52.7517 52.7517 88.7 
88.8 50.2586 50.2586 88.8 
88.9 47.2379 47.2379 88.9 
89 43.7147 43.7147 89 
89.1 39.7191 39.7191 89.1 
89.2 35.2863 35.2863 89.2 
89.3 30.4564 30.4564 89.3 
89.4 25.2736 25.2736 89.4 
89.5 19.7862 19.7862 89.5 
89.6 14.0461 14.0461 89.6 
89.7 8.10815 8.10815 89.7 
89.8 2.02972 2.02972 89.8 
89.9 -4.12979 -4.12979 89.9 
90 -10.3096 -10.3096 90 
90.1 -16.4481 -16.4481 90.1 
90.2 -22.4835 -22.4835 90.2 
90.3 -28.3545 -28.3545 90.3 
90.4 -34.0005 -34.0005 90.4 
90.5 -39.3631 -39.3631 90.5 
90.6 -44.3856 -44.3856 90.6 
90.7 -49.0146 -49.0146 90.7 
90.8 -53.1996 -53.1996 90.8 
90.9 -56.8945 -56.8945 90.9 
91 -60.0575 -60.0575 91 
91.1 -62.6514 -62.6514 91.1 
91.2 -64.6448 -64.6448 91.2 
91.3 -66.0117 -66.0117 91.3 
91.4 -66.7321 -66.7321 91.4 
91.5 -66.7925 -66.7925 91.5 
91.6 -66.1855 -66.1855 91.6 
91.7 -64.9105 -64.9105 91.7 
91.8 -62.9737 -62.9737 91.8 
91.9 -60.3879 -60.3879 91.9 
92 -57.1722 -57.1722 92 
92.1 -53.3527 -53.3527 92.1 
92.2 -48.9615 -48.9615 92.2 
92.3 -44.0368 -44.0368 92.3 
92.4 -38.6224 -38.6224 92.4 
92.5 -32.7676 -32.7676 92.5 
92.6 -26.5267 -26.5267 92.6 
92.7 -19.958 -19.958 92.7 
92.8 -13.1241 -13.1241 92.8 
92.9 -6.09066 -6.09066 92.9 
93 1.07406 1.07406 93 
93.1 8.2997 8.2997 93.1 
93.2 15.5146 15.5146 93.2 
93.3 22.6465 22.6465 93.3 
93.4 29.6232 29.6232 93.4 
93.5 36.3735 36.3735 93.5 
93.6 42.8276 42.8276 93.6 
93.7 48.9179 48.9179 93.7 
93.8 54.5799 54.5799 93.8 
93.9 59.7528 59.7528 93.9 
94 64.3798 64.3798 94 
94.1 68.4094 68.4094 94.1 
94.2 71.7951 71.7951 94.2 
94.3 74.4968 74.4968 94.3 
94.4 76.4805 76.4805 94.4 
94.5 77.7192 77.7192 94.5 
94.6 78.1931 78.1931 94.6 
94.7 77.8898 77.8898 94.7 
94.8 76.8046 76.8046 94.8 
94.9 74.9405 74.9405 94.9 
95 72.3084 72.3084 95 
95.1 68.9268 68.9268 95.1 
95.2 64.8222 64.8222 95.2 
95.3 60.0283 60.0283 95.3 
95.4 54.5861 54.5861 95.4 
95.5 48.5437 48.5437 95.5 
95.6 41.9555 41.9555 95.6 
95.7 34.8818 34.8818 95.7 
95.8 27.3885 27.3885 95.8 
95.9 19.5464 19.5464 95.9 
96 11.4304 11.4304 96 
96.1 3.11902 3.11902 96.1 
96.2 -5.30671 -5.30671 96.2 
96.3 -13.7636 -13.7636 96.3 
96.4 -22.1675 -22.1675 96.4 
96.5 -30.4337 -30.4337 96.5 
96.6 -38.4783 -38.4783 96.6 
96.7 -46.2185 -46.2185 96.7 
96.8 -53.5739 -53.5739 96.8 
96.9 -60.4671 -60.4671 96.9 
97 -66.8246 -66.8246 97 
97.1 -72.5775 -72.5775 97.1 
97.2 -77.6621 -77.6621 97.2 
97.3 -82.0209 -82.0209 97.3 
97.4 -85.6031 -85.6031 97.4 
97.5 -88.365 -88.365 97.5 
97.6 -90.271 -90.271 97.6 
97.7 -91.2933 -91.2933 97.7 
97.8 -91.4129 -91.4129 97.8 
97.9 -90.6195 -90.6195 97.9 
98 -88.9121 -88.9121 98 
98.1 -86.2984 -86.2984 98.1 
98.2 -82.7956 -82.7956 98.2 
98.3 -78.4298 -78.4298 98.3 
98.4 -73.2361 -73.2361 98.4 
98.5 -67.2581 -67.2581 98.5 
98.6 -60.5477 -60.5477 98.6 
98.7 -53.1647 -53.1647 98.7 
98.8 -45.1763 -45.1763 98.8 
98.9 -36.6562 -36.6562 98.9 
99 -27.6843 -27.6843 99 
99.1 -18.3459 -18.3459 99.1 
99.2 -8.73066 -8.73066 99.2 
99.3 1.06806 1.06806 99.3 
99.4 10.9541 10.9541 99.4 
99.5 20.8294 20.8294 99.5 
99.6 30.5952 30.5952 99.6 
99.7 40.1527 40.1527 99.7 
99.8 49.4043 49.4043 99.8 
99.9 58.2543 58.2543 99.9 
100 66.6103 66.6103 100 
