0 1 0
0.1 1 -0.1
0.2 0.99 -0.2
0.3 0.97 -0.299
0.4 0.9401 -0.396
0.5 0.9005 -0.49001
0.6 0.851499 -0.58006
0.7 0.793493 -0.66521
0.8 0.726972 -0.744559
0.9 0.652516 -0.817256
1 0.57079 -0.882508
1.1 0.48254 -0.939587
1.2 0.388581 -0.987841
1.3 0.289797 -1.0267
1.4 0.187127 -1.05568
1.5 0.0815591 -1.07439
1.6 -0.0258801 -1.08255
1.7 -0.134135 -1.07996
1.8 -0.242131 -1.06655
1.9 -0.348785 -1.04233
2 -0.453019 -1.00745
2.1 -0.553764 -0.962152
2.2 -0.649979 -0.906776
2.3 -0.740657 -0.841778
2.4 -0.824835 -0.767712
2.5 -0.901606 -0.685229
2.6 -0.970129 -0.595068
2.7 -1.02964 -0.498055
2.8 -1.07944 -0.395092
2.9 -1.11895 -0.287148
3 -1.14767 -0.175253
3.1 -1.16519 -0.0604862
3.2 -1.17124 0.0560329
3.3 -1.16564 0.173157
3.4 -1.14832 0.28972
3.5 -1.11935 0.404552
3.6 -1.07889 0.516487
3.7 -1.02724 0.624376
3.8 -0.964806 0.727101
3.9 -0.892096 0.823582
4 -0.809738 0.912791
4.1 -0.718459 0.993765
4.2 -0.619083 1.06561
4.3 -0.512522 1.12752
4.4 -0.39977 1.17877
4.5 -0.281892 1.21875
4.6 -0.160018 1.24694
4.7 -0.0353239 1.26294
4.8 0.09097 1.26647
4.9 0.217617 1.25737
5 0.343355 1.23561
5.1 0.466916 1.20128
5.2 0.587044 1.15459
5.3 0.702502 1.09588
5.4 0.81209 1.02563
5.5 0.914654 0.944422
5.6 1.0091 0.852957
5.7 1.09439 0.752047
5.8 1.1696 0.642608
5.9 1.23386 0.525649
6 1.28642 0.402263
6.1 1.32665 0.273621
6.2 1.35401 0.140956
6.3 1.36811 0.00555481
6.4 1.36866 -0.131256
6.5 1.35554 -0.268122
6.6 1.32872 -0.403675
6.7 1.28836 -0.536548
6.8 1.2347 -0.665383
6.9 1.16816 -0.788854
7 1.08928 -0.90567
7.1 0.998711 -1.0146
7.2 0.897251 -1.11447
7.3 0.785804 -1.20419
7.4 0.665385 -1.28277
7.5 0.537107 -1.34931
7.6 0.402176 -1.40302
7.7 0.261874 -1.44324
7.8 0.117549 -1.46943
7.9 -0.0293934 -1.48118
8 -0.177512 -1.47824
8.1 -0.325336 -1.46049
8.2 -0.471385 -1.42796
8.3 -0.614181 -1.38082
8.4 -0.752263 -1.3194
8.5 -0.884204 -1.24418
8.6 -1.00862 -1.15576
8.7 -1.1242 -1.05489
8.8 -1.22969 -0.942474
8.9 -1.32393 -0.819505
9 -1.40588 -0.687112
9.1 -1.4746 -0.546524
9.2 -1.52925 -0.399064
9.3 -1.56915 -0.246139
9.4 -1.59377 -0.0892239
9.5 -1.60269 0.0701529
9.6 -1.59567 0.230422
9.7 -1.57263 0.389989
9.8 -1.53363 0.547253
9.9 -1.47891 0.700616
10 -1.40885 0.848507
10.1 -1.324 0.989392
10.2 -1.22506 1.12179
10.3 -1.11288 1.2443
10.4 -0.988448 1.35558
10.5 -0.85289 1.45443
10.6 -0.707447 1.53972
10.7 -0.553475 1.61046
10.8 -0.392429 1.66581
10.9 -0.225848 1.70505
11 -0.0553422 1.72764
11.1 0.117422 1.73317
11.2 0.290739 1.72143
11.3 0.462882 1.69236
11.4 0.632118 1.64607
11.5 0.796724 1.58286
11.6 0.95501 1.50318
11.7 1.10533 1.40768
11.8 1.2461 1.29715
11.9 1.37581 1.17254
12 1.49307 1.03496
12.1 1.59656 0.885653
12.2 1.68513 0.725997
12.3 1.75773 0.557484
12.4 1.81348 0.381711
12.5 1.85165 0.200364
12.6 1.87168 0.0151991
12.7 1.8732 -0.171969
12.8 1.85601 -0.359289
12.9 1.82008 -0.54489
13 1.76559 -0.726898
13.1 1.6929 -0.903456
13.2 1.60255 -1.07275
13.3 1.49528 -1.233
13.4 1.37198 -1.38253
13.5 1.23372 -1.51973
13.6 1.08175 -1.6431
13.7 0.917442 -1.75127
13.8 0.742315 -1.84302
13.9 0.558013 -1.91725
14 0.366288 -1.97305
14.1 0.168982 -2.00968
14.2 -0.0319855 -2.02658
14.3 -0.234643 -2.02338
14.4 -0.436981 -1.99992
14.5 -0.636973 -1.95622
14.6 -0.832595 -1.89252
14.7 -1.02185 -1.80926
14.8 -1.20277 -1.70708
14.9 -1.37348 -1.5868
15 -1.53216 -1.44945
15.1 -1.67711 -1.29623
15.2 -1.80673 -1.12852
15.3 -1.91958 -0.947851
15.4 -2.01437 -0.755893
15.5 -2.08996 -0.554457
15.6 -2.1454 -0.345461
15.7 -2.17995 -0.130921
15.8 -2.19304 0.0870739
15.9 -2.18433 0.306378
16 -2.15369 0.524811
16.1 -2.10121 0.740181
16.2 -2.0272 0.950302
16.3 -1.93217 1.15302
16.4 -1.81686 1.34624
16.5 -1.68224 1.52792
16.6 -1.52945 1.69615
16.7 -1.35983 1.84909
16.8 -1.17492 1.98508
16.9 -0.976415 2.10257
17 -0.766158 2.20021
17.1 -0.546137 2.27683
17.2 -0.318455 2.33144
17.3 -0.0853108 2.36328
17.4 0.151018 2.37182
17.5 0.388199 2.35671
17.6 0.623871 2.31789
17.7 0.85566 2.25551
17.8 1.08121 2.16994
17.9 1.2982 2.06182
18 1.50439 1.932
18.1 1.69759 1.78156
18.2 1.87574 1.6118
18.3 2.03692 1.42423
18.4 2.17935 1.22054
18.5 2.3014 1.0026
18.6 2.40166 0.772461
18.7 2.47891 0.532295
18.8 2.53214 0.284404
18.9 2.56058 0.0311909
19 2.56369 -0.224867
19.1 2.54121 -0.481236
19.2 2.49308 -0.735357
19.3 2.41955 -0.984665
19.4 2.32108 -1.22662
19.5 2.19842 -1.45873
19.6 2.05255 -1.67857
19.7 1.88469 -1.88383
19.8 1.69631 -2.07229
19.9 1.48908 -2.24193
20 1.26489 -2.39083
20.1 1.0258 -2.51732
20.2 0.77407 -2.6199
20.3 0.51208 -2.69731
20.4 0.242349 -2.74852
20.5 -0.0325023 -2.77275
20.6 -0.309777 -2.7695
20.7 -0.586728 -2.73852
20.8 -0.86058 -2.67985
20.9 -1.12857 -2.59379
21 -1.38794 -2.48094
21.1 -1.63604 -2.34214
21.2 -1.87025 -2.17854
21.3 -2.08811 -1.99151
21.4 -2.28726 -1.7827
21.5 -2.46553 -1.55398
21.6 -2.62093 -1.30742
21.7 -2.75167 -1.04533
21.8 -2.8562 -0.770165
21.9 -2.93322 -0.484544
22 -2.98167 -0.191223
22.1 -3.00079 0.106944
22.2 -2.9901 0.407024
22.3 -2.9494 0.706034
22.4 -2.87879 1.00097
22.5 -2.7787 1.28885
22.6 -2.64981 1.56672
22.7 -2.49314 1.8317
22.8 -2.30997 2.08102
22.9 -2.10187 2.31201
23 -1.87067 2.5222
23.1 -1.61845 2.70927
23.2 -1.34752 2.87111
23.3 -1.06041 3.00586
23.4 -0.759821 3.1119
23.5 -0.44863 3.18789
23.6 -0.129842 3.23275
23.7 0.193433 3.24573
23.8 0.518007 3.22639
23.9 0.840646 3.17459
24 1.1581 3.09053
24.1 1.46716 2.97471
24.2 1.76463 2.828
24.3 2.04743 2.65154
24.4 2.31258 2.44679
24.5 2.55726 2.21554
24.6 2.77882 1.95981
24.7 2.9748 1.68193
24.8 3.14299 1.38445
24.9 3.28143 1.07015
25 3.38845 0.742006
25.1 3.46265 0.403161
25.2 3.50297 0.056896
25.3 3.50865 -0.293401
25.4 3.47931 -0.644266
25.5 3.41489 -0.992198
25.6 3.31567 -1.33369
25.7 3.1823 -1.66525
25.8 3.01577 -1.98348
25.9 2.81743 -2.28506
26 2.58892 -2.5668
26.1 2.33224 -2.8257
26.2 2.04967 -3.05892
26.3 1.74378 -3.26389
26.4 1.41739 -3.43826
26.5 1.07356 -3.58
26.6 0.715563 -3.68736
26.7 0.346827 -3.75892
26.8 -0.0290645 -3.7936
26.9 -0.408424 -3.79069
27 -0.787494 -3.74985
27.1 -1.16248 -3.6711
27.2 -1.52959 -3.55485
27.3 -1.88507 -3.40189
27.4 -2.22526 -3.21339
27.5 -2.5466 -2.99086
27.6 -2.84569 -2.7362
27.7 -3.11931 -2.45163
27.8 -3.36447 -2.1397
27.9 -3.57844 -1.80325
28 -3.75877 -1.44541
28.1 -3.90331 -1.06953
28.2 -4.01026 -0.679202
28.3 -4.07818 -0.278176
28.4 -4.106 0.129642
28.5 -4.09303 0.540242
28.6 -4.03901 0.949546
28.7 -3.94405 1.35345
28.8 -3.80871 1.74785
28.9 -3.63392 2.12872
29 -3.42105 2.49212
29.1 -3.17184 2.83422
29.2 -2.88842 3.1514
29.3 -2.57328 3.44025
29.4 -2.22925 3.69757
29.5 -1.8595 3.9205
29.6 -1.46745 4.10645
29.7 -1.0568 4.25319
29.8 -0.631482 4.35887
29.9 -0.195595 4.42202
30 0.246608 4.44158
30.1 0.690766 4.41692
30.2 1.13246 4.34784
30.3 1.56724 4.2346
30.4 1.9907 4.07787
30.5 2.39849 3.8788
30.6 2.78637 3.63896
30.7 3.15027 3.36032
30.8 3.4863 3.04529
30.9 3.79083 2.69666
31 4.06049 2.31758
31.1 4.29225 1.91153
31.2 4.4834 1.4823
31.3 4.63163 1.03396
31.4 4.73503 0.570801
31.5 4.79211 0.097298
31.6 4.80184 -0.381913
31.7 4.76365 -0.862097
31.8 4.67744 -1.33846
31.9 4.54359 -1.80621
32 4.36297 -2.26057
32.1 4.13692 -2.69686
32.2 3.86723 -3.11055
32.3 3.55617 -3.49728
32.4 3.20645 -3.85289
32.5 2.82116 -4.17354
32.6 2.4038 -4.45566
32.7 1.95824 -4.69604
32.8 1.48863 -4.89186
32.9 0.999448 -5.04072
33 0.495376 -5.14067
33.1 -0.0186906 -5.19021
33.2 -0.537711 -5.18834
33.3 -1.05654 -5.13457
33.4 -1.57 -5.02891
33.5 -2.07289 -4.87191
33.6 -2.56008 -4.66462
33.7 -3.02655 -4.40861
33.8 -3.46741 -4.10596
33.9 -3.878 -3.75922
34 -4.25392 -3.37142
34.1 -4.59107 -2.94603
34.2 -4.88567 -2.48692
34.3 -5.13436 -1.99835
34.4 -5.3342 -1.48492
34.5 -5.48269 -0.951496
34.6 -5.57784 -0.403227
34.7 -5.61816 0.154556
34.8 -5.6027 0.716372
34.9 -5.53107 1.27664
35 -5.4034 1.82975
35.1 -5.22043 2.37009
35.2 -4.98342 2.89213
35.3 -4.69421 3.39047
35.4 -4.35516 3.85989
35.5 -3.96917 4.29541
35.6 -3.53963 4.69233
35.7 -3.07039 5.04629
35.8 -2.56577 5.35333
35.9 -2.03043 5.60991
36 -1.46944 5.81295
36.1 -0.888147 5.95989
36.2 -0.292158 6.04871
36.3 0.312713 6.07792
36.4 0.920506 6.04665
36.5 1.52517 5.9546
36.6 2.12063 5.80209
36.7 2.70084 5.59002
36.8 3.25984 5.31994
36.9 3.79184 4.99395
37 4.29123 4.61477
37.1 4.75271 4.18565
37.2 5.17127 3.71038
37.3 5.54231 3.19325
37.4 5.86164 2.63902
37.5 6.12554 2.05285
37.6 6.33082 1.4403
37.7 6.47485 0.807219
37.8 6.55557 0.159733
37.9 6.57155 -0.495824
38 6.52197 -1.15298
38.1 6.40667 -1.80518
38.2 6.22615 -2.44584
38.3 5.98157 -3.06846
38.4 5.67472 -3.66661
38.5 5.30806 -4.23409
38.6 4.88465 -4.76489
38.7 4.40816 -5.25336
38.8 3.88283 -5.69417
38.9 3.31341 -6.08246
39 2.70516 -6.4138
39.1 2.06378 -6.68431
39.2 1.39535 -6.89069
39.3 0.706283 -7.03023
39.4 0.00325992 -7.10085
39.5 -0.706825 -7.10118
39.6 -1.41694 -7.0305
39.7 -2.11999 -6.8888
39.8 -2.80887 -6.6768
39.9 -3.47655 -6.39592
40 -4.11615 -6.04826
40.1 -4.72097 -5.63665
40.2 -5.28464 -5.16455
40.3 -5.80109 -4.63609
40.4 -6.2647 -4.05598
40.5 -6.6703 -3.42951
40.6 -7.01325 -2.76248
40.7 -7.2895 -2.06115
40.8 -7.49561 -1.3322
40.9 -7.62883 -0.582641
41 -7.6871 0.180242
41.1 -7.66907 0.948951
41.2 -7.57418 1.71586
41.3 -7.40259 2.47328
41.4 -7.15526 3.21354
41.5 -6.83391 3.92906
41.6 -6.441 4.61245
41.7 -5.97976 5.25655
41.8 -5.4541 5.85453
41.9 -4.86865 6.39994
42 -4.22866 6.8868
42.1 -3.53998 7.30967
42.2 -2.80901 7.66367
42.3 -2.04264 7.94457
42.4 -1.24819 8.14883
42.5 -0.433302 8.27365
42.6 0.394063 8.31698
42.7 1.22576 8.27757
42.8 2.05352 8.155
42.9 2.86902 7.94965
43 3.66398 7.66274
43.1 4.43026 7.29635
43.2 5.15989 6.85332
43.3 5.84522 6.33733
43.4 6.47896 5.75281
43.5 7.05424 5.10491
43.6 7.56473 4.39949
43.7 8.00468 3.64302
43.8 8.36898 2.84255
43.9 8.65323 2.00565
44 8.8538 1.14033
44.1 8.96783 0.254947
44.2 8.99333 -0.641836
44.3 8.92914 -1.54117
44.4 8.77503 -2.43408
44.5 8.53162 -3.31159
44.6 8.20046 -4.16475
44.7 7.78398 -4.98479
44.8 7.28551 -5.76319
44.9 6.70919 -6.49174
45 6.06001 -7.16266
45.1 5.34375 -7.76866
45.2 4.56688 -8.30304
45.3 3.73658 -8.75973
45.4 2.8606 -9.13338
45.5 1.94727 -9.41944
45.6 1.00532 -9.61417
45.7 0.0439038 -9.7147
45.8 -0.927566 -9.71909
45.9 -1.89948 -9.62634
46 -2.86211 -9.43639
46.1 -3.80575 -9.15018
46.2 -4.72077 -8.7696
46.3 -5.59773 -8.29753
46.4 -6.42748 -7.73775
46.5 -7.20125 -7.09501
46.6 -7.91075 -6.37488
46.7 -8.54824 -5.5838
46.8 -9.10662 -4.72898
46.9 -9.57952 -3.81832
47 -9.96135 -2.86037
47.1 -10.2474 -1.86423
47.2 -10.4338 -0.839492
47.3 -10.5178 0.203889
47.4 -10.4974 1.25567
47.5 -10.3718 2.3054
47.6 -10.1413 3.34258
47.7 -9.80701 4.35671
47.8 -9.37134 5.33741
47.9 -8.8376 6.27454
48 -8.21014 7.1583
48.1 -7.49431 7.97932
48.2 -6.69638 8.72875
48.3 -5.8235 9.39839
48.4 -4.88366 9.98074
48.5 -3.88559 10.4691
48.6 -2.83868 10.8577
48.7 -1.75291 11.1415
48.8 -0.638762 11.3168
48.9 0.492921 11.3807
49 1.63099 11.3314
49.1 2.76413 11.1683
49.2 3.88096 10.8919
49.3 4.97015 10.5038
49.4 6.02053 10.0068
49.5 7.02121 9.40473
49.6 7.96168 8.70261
49.7 8.83194 7.90644
49.8 9.62259 7.02325
49.9 10.3249 6.06099
50 10.931 5.0285
50.1 11.4339 3.9354
50.2 11.8274 2.79201
50.3 12.1066 1.60927
50.4 12.2675 0.398609
50.5 12.3074 -0.828144
50.6 12.2246 -2.05888
50.7 12.0187 -3.28134
50.8 11.6906 -4.48321
50.9 11.2422 -5.65226
51 10.677 -6.77649
51.1 9.99936 -7.84419
51.2 9.21494 -8.84412
51.3 8.33053 -9.76562
51.4 7.35396 -10.5987
51.5 6.2941 -11.3341
51.6 5.16069 -11.9635
51.7 3.96434 -12.4795
51.8 2.71639 -12.876
51.9 1.42879 -13.1476
52 0.114028 -13.2905
52.1 -1.21502 -13.3019
52.2 -2.54521 -13.1804
52.3 -3.86325 -12.9259
52.4 -5.15584 -12.5396
52.5 -6.40979 -12.024
52.6 -7.61219 -11.383
52.7 -8.75049 -10.6218
52.8 -9.81267 -9.74672
52.9 -10.7873 -8.76545
53 -11.6639 -7.68672
53.1 -12.4326 -6.52033
53.2 -13.0846 -5.27708
53.3 -13.6123 -3.96862
53.4 -14.0092 -2.60739
53.5 -14.2699 -1.20647
53.6 -14.3905 0.220518
53.7 -14.3685 1.65957
53.8 -14.2025 3.09642
53.9 -13.8929 4.51668
54 -13.4412 5.90596
54.1 -12.8506 7.25009
54.2 -12.1256 8.53515
54.3 -11.2721 9.74771
54.4 -10.2973 10.8749
54.5 -9.20984 11.9047
54.6 -8.01938 12.8256
54.7 -6.73681 13.6276
54.8 -5.37405 14.3013
54.9 -3.94393 14.8387
55 -2.46006 15.2331
55.1 -0.936756 15.4791
55.2 0.61115 15.5727
55.3 2.16842 15.5116
55.4 3.71959 15.2948
55.5 5.24906 14.9228
55.6 6.74135 14.3979
55.7 8.18114 13.7238
55.8 9.55352 12.9057
55.9 10.8441 11.9503
56 12.0391 10.8659
56.1 13.1257 9.662
56.2 14.0919 8.34943
56.3 14.9268 6.94023
56.4 15.6209 5.44755
56.5 16.1656 3.88546
56.6 16.5542 2.2689
56.7 16.7811 0.613483
56.8 16.8424 -1.06462
56.9 16.7359 -2.74886
57 16.4611 -4.42246
57.1 16.0188 -6.06856
57.2 15.412 -7.67045
57.3 14.6449 -9.21164
57.4 13.7238 -10.6761
57.5 12.6561 -12.0485
57.6 11.4513 -13.3141
57.7 10.1199 -14.4593
57.8 8.67395 -15.4712
57.9 7.12682 -16.3386
58 5.49296 -17.0513
58.1 3.78783 -17.6006
58.2 2.02777 -17.9794
58.3 0.229829 -18.1822
58.4 -1.58839 -18.2052
58.5 -3.4089 -18.0463
58.6 -5.21354 -17.7054
58.7 -6.98408 -17.1841
58.8 -8.70248 -16.4857
58.9 -10.3511 -15.6154
59 -11.9126 -14.5803
59.1 -13.3706 -13.3891
59.2 -14.7095 -12.052
59.3 -15.9147 -10.581
59.4 -16.9728 -8.98956
59.5 -17.8718 -7.29228
59.6 -18.601 -5.5051
59.7 -19.1515 -3.645
59.8 -19.516 -1.72985
59.9 -19.689 0.221755
60 -19.6668 2.19066
60.1 -19.4478 4.15734
60.2 -19.032 6.10212
60.3 -18.4218 8.00532
60.4 -17.6213 9.8475
60.5 -16.6365 11.6096
60.6 -15.4756 13.2733
60.7 -14.1482 14.8208
60.8 -12.6662 16.2357
60.9 -11.0426 17.5023
61 -9.29237 18.6065
61.1 -7.43172 19.5358
61.2 -5.47814 20.279
61.3 -3.45024 20.8268
61.4 -1.36756 21.1718
61.5 0.749614 21.3085
61.6 2.88047 21.2336
61.7 5.00383 20.9455
61.8 7.09838 20.4452
61.9 9.1429 19.7353
62 11.1164 18.821
62.1 12.9985 17.7094
62.2 14.7695 16.4095
62.3 16.4104 14.9326
62.4 17.9037 13.2915
62.5 19.2328 11.5012
62.6 20.383 9.57789
62.7 21.3407 7.5396
62.8 22.0947 5.40552
62.9 22.6353 3.19605
63 22.9549 0.932526
63.1 23.0481 -1.36296
63.2 22.9118 -3.66777
63.3 22.545 -5.95895
63.4 21.9491 -8.21346
63.5 21.1278 -10.4084
63.6 20.087 -12.5212
63.7 18.8348 -14.5298
63.8 17.3819 -16.4133
63.9 15.7405 -18.1515
64 13.9254 -19.7256
64.1 11.9528 -21.1181
64.2 9.84101 -22.3134
64.3 7.60967 -23.2975
64.4 5.27992 -24.0585
64.5 2.87407 -24.5865
64.6 0.415429 -24.8739
64.7 -2.07196 -24.9154
64.8 -4.5635 -24.7082
64.9 -7.03432 -24.2519
65 -9.4595 -23.5484
65.1 -11.8143 -22.6025
65.2 -14.0746 -21.421
65.3 -16.2167 -20.0136
65.4 -18.2181 -18.3919
65.5 -20.0572 -16.5701
65.6 -21.7143 -14.5644
65.7 -23.1707 -12.393
65.8 -24.41 -10.0759
65.9 -25.4176 -7.63489
66 -26.1811 -5.09313
66.1 -26.6904 -2.47502
66.2 -26.9379 0.194016
66.3 -26.9185 2.8878
66.4 -26.6297 5.57965
66.5 -26.0717 8.24262
66.6 -25.2475 10.8498
66.7 -24.1625 13.3745
66.8 -22.825 15.7908
66.9 -21.246 18.0733
67 -19.4386 20.1979
67.1 -17.4188 22.1418
67.2 -15.2047 23.8836
67.3 -12.8163 25.4041
67.4 -10.2759 26.6857
67.5 -7.60732 27.7133
67.6 -4.83598 28.4741
67.7 -1.98858 28.9577
67.8 0.907187 29.1565
67.9 3.82284 29.0658
68 6.72942 28.6835
68.1 9.59777 28.0106
68.2 12.3988 27.0508
68.3 15.1039 25.8109
68.4 17.685 24.3005
68.5 20.115 22.532
68.6 22.3682 20.5205
68.7 24.4203 18.2837
68.8 26.2487 15.8417
68.9 27.8328 13.2168
69 29.1545 10.4335
69.1 30.1979 7.51806
69.2 30.9497 4.49827
69.3 31.3995 1.4033
69.4 31.5398 -1.73665
69.5 31.3662 -4.89063
69.6 30.8771 -8.02725
69.7 30.0744 -11.115
69.8 28.9629 -14.1224
69.9 27.5506 -17.0187
70 25.8488 -19.7737
70.1 23.8714 -22.3586
70.2 21.6355 -24.7458
70.3 19.161 -26.9093
70.4 16.47 -28.8254
70.5 13.5875 -30.4724
70.6 10.5402 -31.8312
70.7 7.35713 -32.8852
70.8 4.06861 -33.6209
70.9 0.706521 -34.0278
71 -2.69626 -34.0984
71.1 -6.1061 -33.8288
71.2 -9.48898 -33.2182
71.3 -12.8108 -32.2693
71.4 -16.0377 -30.9882
71.5 -19.1365 -29.3844
71.6 -22.075 -27.4708
71.7 -24.8221 -25.2633
71.8 -27.3484 -22.7811
71.9 -29.6265 -20.0462
72 -31.6311 -17.0836
72.1 -33.3395 -13.9205
72.2 -34.7315 -10.5865
72.3 -35.7902 -7.11337
72.4 -36.5015 -3.53435
72.5 -36.855 0.1158
72.6 -36.8434 3.80129
72.7 -36.4632 7.48563
72.8 -35.7147 11.132
72.9 -34.6015 14.7034
73 -33.1311 18.1636
73.1 -31.3148 21.4767
73.2 -29.1671 24.6082
73.3 -26.7063 27.5249
73.4 -23.9538 30.1955
73.5 -20.9343 32.5909
73.6 -17.6752 34.6843
73.7 -14.2067 36.4518
73.8 -10.5616 37.8725
73.9 -6.77431 38.9287
74 -2.88144 39.6061
74.1 1.07917 39.8942
74.2 5.06859 39.7863
74.3 9.04722 39.2795
74.4 12.9752 38.3747
74.5 16.8126 37.0772
74.6 20.5204 35.396
74.7 24.06 33.3439
74.8 27.3944 30.9379
74.9 30.4881 28.1985
75 33.308 25.1497
75.1 35.823 21.8189
75.2 38.0048 18.2366
75.3 39.8285 14.4361
75.4 41.2721 10.4532
75.5 42.3174 6.32603
75.6 42.95 2.09429
75.7 43.1595 -2.20072
75.8 42.9394 -6.51666
75.9 42.2877 -10.8106
76 41.2067 -15.0394
76.1 39.7027 -19.16
76.2 37.7867 -23.1303
76.3 35.4737 -26.909
76.4 32.7828 -30.4564
76.5 29.7372 -33.7346
76.6 26.3637 -36.7084
76.7 22.6929 -39.3447
76.8 18.7584 -41.614
76.9 14.597 -43.4899
77 10.248 -44.9496
77.1 5.75305 -45.9744
77.2 1.15561 -46.5497
77.3 -3.49935 -46.6652
77.4 -8.16587 -46.3153
77.5 -12.7974 -45.4987
77.6 -17.3473 -44.219
77.7 -21.7692 -42.4842
77.8 -26.0176 -40.3073
77.9 -30.0483 -37.7056
78 -33.8189 -34.7007
78.1 -37.2889 -31.3188
78.2 -40.4208 -27.5899
78.3 -43.1798 -23.5479
78.4 -45.5346 -19.2299
78.5 -47.4576 -14.6764
78.6 -48.9252 -9.93065
78.7 -49.9183 -5.03813
78.8 -50.4221 -0.0462964
78.9 -50.4267 4.99592
79 -49.9272 10.0386
79.1 -48.9233 15.0313
79.2 -47.4202 19.9236
79.3 -45.4278 24.6657
79.4 -42.9612 29.2084
79.5 -40.0404 33.5046
79.6 -36.6899 37.5086
79.7 -32.9391 41.1776
79.8 -28.8213 44.4715
79.9 -24.3742 47.3536
80 -19.6388 49.791
80.1 -14.6597 51.7549
80.2 -9.48421 53.2209
80.3 -4.16212 54.1693
80.4 1.25481 54.5855
80.5 6.71336 54.46
80.6 12.1594 53.7887
80.7 17.5382 52.5728
80.8 22.7955 50.819
80.9 27.8774 48.5394
81 32.7314 45.7517
81.1 37.3065 42.4785
81.2 41.5544 38.7479
81.3 45.4292 34.5924
81.4 48.8884 30.0495
81.5 51.8934 25.1607
81.6 54.4094 19.9713
81.7 56.4066 14.5304
81.8 57.8596 8.88975
81.9 58.7486 3.10379
82 59.0589 -2.77107
82.1 58.7818 -8.67697
82.2 57.9141 -14.5552
82.3 56.4586 -20.3466
82.4 54.424 -25.9924
82.5 51.8247 -31.4348
82.6 48.6812 -36.6173
82.7 45.0195 -41.4854
82.8 40.871 -45.9874
82.9 36.2722 -50.0745
83 31.2648 -53.7017
83.1 25.8946 -56.8282
83.2 20.2118 -59.4176
83.3 14.27 -61.4388
83.4 8.12616 -62.8658
83.5 1.83958 -63.6784
83.6 -4.52827 -63.8624
83.7 -10.9145 -63.4096
83.8 -17.2555 -62.3181
83.9 -23.4873 -60.5926
84 -29.5465 -58.2438
84.1 -35.3709 -55.2892
84.2 -40.8998 -51.7521
84.3 -46.075 -47.6621
84.4 -50.8413 -43.0546
84.5 -55.1467 -37.9705
84.6 -58.9438 -32.4558
84.7 -62.1894 -26.5614
84.8 -64.8455 -20.3425
84.9 -66.8797 -13.858
85 -68.2655 -7.16998
85.1 -68.9825 -0.343424
85.2 -69.0169 6.55483
85.3 -68.3614 13.4565
85.4 -67.0157 20.2927
85.5 -64.9865 26.9942
85.6 -62.2871 33.4929
85.7 -58.9378 39.7216
85.8 -54.9656 45.6154
85.9 -50.4041 51.1119
86 -45.2929 56.1523
86.1 -39.6776 60.6816
86.2 -33.6095 64.6494
86.3 -27.1445 68.0103
86.4 -20.3435 70.7248
86.5 -13.271 72.7591
86.6 -5.99512 74.0862
86.7 1.4135 74.6858
86.8 8.88208 74.5444
86.9 16.3365 73.6562
87 23.7021 72.0225
87.1 30.9044 69.6523
87.2 37.8696 66.5619
87.3 44.5258 62.7749
87.4 50.8033 58.3223
87.5 56.6355 53.242
87.6 61.9597 47.5785
87.7 66.7176 41.3825
87.8 70.8558 34.7107
87.9 74.3269 27.6251
88 77.0894 20.1925
88.1 79.1087 12.4835
88.2 80.357 4.57264
88.3 80.8143 -3.46306
88.4 80.468 -11.5445
88.5 79.3135 -19.5913
88.6 77.3544 -27.5226
88.7 74.6021 -35.2581
88.8 71.0763 -42.7183
88.9 66.8045 -49.8259
89 61.8219 -56.5064
89.1 56.1713 -62.6886
89.2 49.9024 -68.3057
89.3 43.0718 -73.2959
89.4 35.7423 -77.6031
89.5 27.9819 -81.1773
89.6 19.8642 -83.9755
89.7 11.4667 -85.962
89.8 2.87046 -87.1086
89.9 -5.84041 -87.3957
90 -14.58 -86.8116
90.1 -23.2611 -85.3536
90.2 -31.7965 -83.0275
90.3 -40.0993 -79.8479
90.4 -48.084 -75.8379
90.5 -55.6678 -71.0295
90.6 -62.7708 -65.4628
90.7 -69.3171 -59.1857
90.8 -75.2356 -52.254
90.9 -80.461 -44.7304
91 -84.9341 -36.6843
91.1 -88.6025 -28.1909
91.2 -91.4216 -19.3306
91.3 -93.3547 -10.1885
91.4 -94.3735 -0.853025
91.5 -94.4588 8.58432
91.6 -93.6004 18.0302
91.7 -91.7974 27.3902
91.8 -89.0583 36.57
91.9 -85.4013 45.4758
92 -80.8537 54.0159
92.1 -75.4522 62.1013
92.2 -69.242 69.6465
92.3 -62.2774 76.5707
92.4 -54.6203 82.7985
92.5 -46.3404 88.2605
92.6 -37.5144 92.8945
92.7 -28.2249 96.646
92.8 -18.5603 99.4685
92.9 -8.6135 101.325
93 1.51896 102.186
93.1 11.7375 102.034
93.2 21.9409 100.86
93.3 32.027 98.6661
93.4 41.8936 95.4634
93.5 51.4399 91.2741
93.6 60.5673 86.1301
93.7 69.1803 80.0733
93.8 77.1877 73.1553
93.9 84.5032 65.4365
94 91.0469 56.9862
94.1 96.7455 47.8815
94.2 101.534 38.207
94.3 105.354 28.0536
94.4 108.16 17.5182
94.5 109.912 6.70223
94.6 110.582 -4.28892
94.7 110.153 -15.3471
94.8 108.618 -26.3624
94.9 105.982 -37.2242
95 102.259 -47.8224
95.1 97.4772 -58.0483
95.2 91.6724 -67.7961
95.3 84.8928 -76.9633
95.4 77.1965 -85.4526
95.5 68.6512 -93.1722
95.6 59.334 -100.037
95.7 49.3303 -105.971
95.8 38.7332 -110.904
95.9 27.6428 -114.777
96 16.1651 -117.541
96.1 4.41096 -119.158
96.2 -7.50483 -119.599
96.3 -19.4647 -118.848
96.4 -31.3496 -116.902
96.5 -43.0398 -113.767
96.6 -54.4165 -109.463
96.7 -65.3628 -104.021
96.8 -75.7649 -97.4852
96.9 -85.5134 -89.9087
97 -94.5043 -81.3573
97.1 -102.64 -71.9069
97.2 -109.831 -61.6429
97.3 -115.995 -50.6598
97.4 -121.061 -39.0603
97.5 -124.967 -26.9542
97.6 -127.662 -14.4575
97.7 -129.108 -1.69126
97.8 -129.277 11.2196
97.9 -128.155 24.1473
98 -125.741 36.9628
98.1 -122.044 49.5369
98.2 -117.091 61.7413
98.3 -110.917 73.4504
98.4 -103.571 84.5421
98.5 -95.1173 94.8992
98.6 -85.6274 104.411
98.7 -75.1863 112.974
98.8 -63.8889 120.492
98.9 -51.8397 126.881
99 -39.1516 132.065
99.1 -25.945 135.98
99.2 -12.347 138.575
99.3 1.51047 139.81
99.4 15.4914 139.658
99.5 29.4573 138.109
99.6 43.2682 135.164
99.7 56.7846 130.837
99.8 69.8682 125.158
99.9 82.3841 118.172
100 94.2012 109.933
