0 0.707107 0.707107 0 
0.1 0.707107 0.707107 0.1 
0.2 0.705339 0.700036 0.2 
0.3 0.701803 0.685894 0.3 
0.4 0.696505 0.664751 0.4 
0.5 0.689451 0.63675 0.5 
0.6 0.680657 0.602101 0.6 
0.7 0.670138 0.561084 0.7 
0.8 0.657918 0.514047 0.8 
0.9 0.644023 0.461399 0.9 
1 0.628483 0.40361 1 
1.1 0.611333 0.341207 1.1 
1.2 0.592612 0.274768 1.2 
1.3 0.572362 0.204917 1.3 
1.4 0.550631 0.132319 1.4 
1.5 0.527469 0.057671 1.5 
1.6 0.50293 -0.0183 1.6 
1.7 0.477073 -0.0948477 1.7 
1.8 0.449958 -0.171212 1.8 
1.9 0.421651 -0.246628 1.9 
2 0.392218 -0.320333 2 
2.1 0.361732 -0.39157 2.1 
2.2 0.330265 -0.459605 2.2 
2.3 0.297894 -0.523724 2.3 
2.4 0.264697 -0.583246 2.4 
2.5 0.230755 -0.637532 2.5 
2.6 0.196152 -0.685985 2.6 
2.7 0.160972 -0.728062 2.7 
2.8 0.125301 -0.76328 2.8 
2.9 0.0892279 -0.791217 2.9 
3 0.0528415 -0.811522 3 
3.1 0.0162321 -0.823914 3.1 
3.2 -0.0205094 -0.828191 3.2 
3.3 -0.0572915 -0.824229 3.3 
3.4 -0.0940223 -0.811985 3.4 
3.5 -0.13061 -0.791499 3.5 
3.6 -0.166962 -0.762892 3.6 
3.7 -0.202988 -0.726371 3.7 
3.8 -0.238597 -0.682221 3.8 
3.9 -0.273698 -0.630807 3.9 
4 -0.308203 -0.572571 4 
4.1 -0.342023 -0.508027 4.1 
4.2 -0.375073 -0.437758 4.2 
4.3 -0.407268 -0.362407 4.3 
4.4 -0.438525 -0.28268 4.4 
4.5 -0.468764 -0.199328 4.5 
4.6 -0.497907 -0.11315 4.6 
4.7 -0.525877 -0.0249778 4.7 
4.8 -0.552603 0.0643255 4.8 
4.9 -0.578015 0.153879 4.9 
5 -0.602044 0.242788 5 
5.1 -0.624629 0.330159 5.1 
5.2 -0.645709 0.415103 5.2 
5.3 -0.665227 0.496744 5.3 
5.4 -0.683131 0.574235 5.4 
5.5 -0.699371 0.646758 5.5 
5.6 -0.713904 0.713538 5.6 
5.7 -0.726689 0.773852 5.7 
5.8 -0.737688 0.827029 5.8 
5.9 -0.746871 0.872469 5.9 
6 -0.75421 0.909638 6 
6.1 -0.759682 0.938082 6.1 
6.2 -0.763268 0.95743 6.2 
6.3 -0.764955 0.967397 6.3 
6.4 -0.764733 0.96779 6.4 
6.5 -0.7626 0.958509 6.5 
6.6 -0.758554 0.939549 6.6 
6.7 -0.752602 0.911005 6.7 
6.8 -0.744754 0.873066 6.8 
6.9 -0.735024 0.826016 6.9 
7 -0.723432 0.770236 7 
7.1 -0.710003 0.706195 7.1 
7.2 -0.694765 0.634452 7.2 
7.3 -0.677752 0.555647 7.3 
7.4 -0.659002 0.470498 7.4 
7.5 -0.638558 0.379792 7.5 
7.6 -0.616466 0.284381 7.6 
7.7 -0.592778 0.185173 7.7 
7.8 -0.567548 0.08312 7.8 
7.9 -0.540837 -0.0207842 7.9 
8 -0.512707 -0.12552 8 
8.1 -0.483225 -0.230047 8.1 
8.2 -0.452461 -0.33332 8.2 
8.3 -0.420489 -0.434292 8.3 
8.4 -0.387386 -0.53193 8.4 
8.5 -0.353231 -0.625226 8.5 
8.6 -0.318108 -0.713203 8.6 
8.7 -0.282102 -0.794927 8.7 
8.8 -0.245301 -0.869519 8.8 
8.9 -0.207795 -0.936162 8.9 
9 -0.169675 -0.99411 9 
9.1 -0.131036 -1.0427 9.1 
9.2 -0.0919722 -1.08134 9.2 
9.3 -0.0525812 -1.10956 9.3 
9.4 -0.0129603 -1.12696 9.4 
9.5 0.0267921 -1.13327 9.5 
9.6 0.0665769 -1.12831 9.6 
9.7 0.106295 -1.11202 9.7 
9.8 0.145846 -1.08444 9.8 
9.9 0.185132 -1.04575 9.9 
10 0.224053 -0.996205 10 
10.1 0.262511 -0.936207 10.1 
10.2 0.300409 -0.866246 10.2 
10.3 0.337651 -0.786924 10.3 
10.4 0.374142 -0.698938 10.4 
10.5 0.409788 -0.603084 10.5 
10.6 0.444499 -0.50024 10.6 
10.7 0.478186 -0.391366 10.7 
10.8 0.510762 -0.277489 10.8 
10.9 0.542142 -0.159698 10.9 
11 0.572245 -0.0391329 11 
11.1 0.600993 0.0830296 11.1 
11.2 0.62831 0.205583 11.2 
11.3 0.654125 0.327307 11.3 
11.4 0.678369 0.446975 11.4 
11.5 0.700977 0.563369 11.5 
11.6 0.72189 0.675294 11.6 
11.7 0.74105 0.781585 11.7 
11.8 0.758406 0.881123 11.8 
11.9 0.773909 0.972846 11.9 
12 0.787516 1.05576 12 
12.1 0.799188 1.12894 12.1 
12.2 0.808891 1.19156 12.2 
12.3 0.816597 1.2429 12.3 
12.4 0.82228 1.28232 12.4 
12.5 0.825922 1.30931 12.5 
12.6 0.827508 1.32348 12.6 
12.7 0.827029 1.32455 12.7 
12.8 0.824481 1.31239 12.8 
12.9 0.819866 1.28699 12.9 
13 0.813189 1.24846 13 
13.1 0.804463 1.19706 13.1 
13.2 0.793704 1.13318 13.2 
13.3 0.780934 1.05732 13.3 
13.4 0.76618 0.970135 13.4 
13.5 0.749473 0.872375 13.5 
13.6 0.730851 0.764914 13.6 
13.7 0.710355 0.648729 13.7 
13.8 0.688032 0.524896 13.8 
13.9 0.663933 0.394575 13.9 
14 0.638114 0.259004 14 
14.1 0.610635 0.119489 14.1 
14.2 0.581561 -0.0226172 14.2 
14.3 0.55096 -0.165918 14.3 
14.4 0.518906 -0.308993 14.4 
14.5 0.485474 -0.450408 14.5 
14.6 0.450744 -0.588733 14.6 
14.7 0.414801 -0.722555 14.7 
14.8 0.377732 -0.850489 14.8 
14.9 0.339625 -0.971197 14.9 
15 0.300574 -1.0834 15 
15.1 0.260673 -1.18589 15.1 
15.2 0.220022 -1.27755 15.2 
15.3 0.178718 -1.35735 15.3 
15.4 0.136865 -1.42437 15.4 
15.5 0.0945649 -1.47782 15.5 
15.6 0.0519225 -1.51703 15.6 
15.7 0.00904375 -1.54146 15.7 
15.8 -0.0339648 -1.55071 15.8 
15.9 -0.076996 -1.54456 15.9 
16 -0.119942 -1.52289 16 
16.1 -0.162696 -1.48578 16.1 
16.2 -0.20515 -1.43344 16.2 
16.3 -0.247197 -1.36625 16.3 
16.4 -0.288731 -1.28472 16.4 
16.5 -0.329648 -1.18952 16.5 
16.6 -0.369842 -1.08148 16.6 
16.7 -0.409213 -0.961546 16.7 
16.8 -0.447658 -0.830796 16.8 
16.9 -0.485081 -0.69043 16.9 
17 -0.521385 -0.541756 17 
17.1 -0.556475 -0.386177 17.1 
17.2 -0.590263 -0.225181 17.2 
17.3 -0.622659 -0.0603238 17.3 
17.4 -0.65358 0.106786 17.4 
17.5 -0.682944 0.274498 17.5 
17.6 -0.710674 0.441143 17.6 
17.7 -0.736696 0.605043 17.7 
17.8 -0.760942 0.764532 17.8 
17.9 -0.783346 0.91797 17.9 
18 -0.803848 1.06376 18 
18.1 -0.822392 1.20038 18.1 
18.2 -0.838925 1.32635 18.2 
18.3 -0.853403 1.44032 18.3 
18.4 -0.865784 1.54103 18.4 
18.5 -0.876031 1.62734 18.5 
18.6 -0.884113 1.69823 18.6 
18.7 -0.890006 1.75285 18.7 
18.8 -0.893688 1.79049 18.8 
18.9 -0.895145 1.8106 18.9 
19 -0.894368 1.81281 19 
19.1 -0.891354 1.79691 19.1 
19.2 -0.886103 1.76288 19.2 
19.3 -0.878624 1.71088 19.3 
19.4 -0.868929 1.64125 19.4 
19.5 -0.857038 1.55452 19.5 
19.6 -0.842975 1.45137 19.6 
19.7 -0.826769 1.33268 19.7 
19.8 -0.808456 1.19947 19.8 
19.9 -0.788075 1.05294 19.9 
20 -0.765674 0.894409 20 
20.1 -0.741302 0.725352 20.1 
20.2 -0.715016 0.54735 20.2 
20.3 -0.686877 0.362095 20.3 
20.4 -0.656951 0.171367 20.4 
20.5 -0.625307 -0.0229826 20.5 
20.6 -0.592021 -0.219046 20.6 
20.7 -0.557172 -0.414879 20.7 
20.8 -0.520842 -0.608522 20.8 
20.9 -0.48312 -0.798016 20.9 
21 -0.444095 -0.981425 21 
21.1 -0.403863 -1.15685 21.1 
21.2 -0.36252 -1.32247 21.2 
21.3 -0.320168 -1.47651 21.3 
21.4 -0.27691 -1.61734 21.4 
21.5 -0.232851 -1.74339 21.5 
21.6 -0.188099 -1.85327 21.6 
21.7 -0.142766 -1.94572 21.7 
21.8 -0.0969626 -2.01964 21.8 
21.9 -0.0508021 -2.0741 21.9 
22 -0.00439918 -2.10836 22 
22.1 0.0421307 -2.12188 22.1 
22.2 0.0886716 -2.11432 22.2 
22.3 0.135107 -2.08554 22.3 
22.4 0.181321 -2.03561 22.4 
22.5 0.227197 -1.96484 22.5 
22.6 0.27262 -1.8737 22.6 
22.7 0.317475 -1.76292 22.7 
22.8 0.361648 -1.63339 22.8 
22.9 0.405028 -1.48624 22.9 
23 0.447503 -1.32276 23 
23.1 0.488966 -1.14441 23.1 
23.2 0.52931 -0.952839 23.2 
23.3 0.568432 -0.749821 23.3 
23.4 0.60623 -0.537275 23.4 
23.5 0.642608 -0.31723 23.5 
23.6 0.67747 -0.091812 23.6 
23.7 0.710725 0.136778 23.7 
23.8 0.742286 0.366286 23.8 
23.9 0.772071 0.594426 23.9 
24 0.8 0.818904 24 
24.1 0.825999 1.03744 24.1 
24.2 0.849998 1.24778 24.2 
24.3 0.871932 1.44775 24.3 
24.4 0.891741 1.63524 24.4 
24.5 0.90937 1.80826 24.5 
24.6 0.92477 1.96492 24.6 
24.7 0.937896 2.1035 24.7 
24.8 0.94871 2.22243 24.8 
24.9 0.95718 2.32032 24.9 
25 0.963278 2.39599 25 
25.1 0.966983 2.44846 25.1 
25.2 0.968279 2.47697 25.2 
25.3 0.967159 2.48099 25.3 
25.4 0.963617 2.46025 25.4 
25.5 0.957658 2.41469 25.5 
25.6 0.94929 2.34453 25.6 
25.7 0.938527 2.25023 25.7 
25.8 0.925391 2.13247 25.8 
25.9 0.909909 1.99222 25.9 
26 0.892114 1.83064 26 
26.1 0.872043 1.64914 26.1 
26.2 0.849743 1.44934 26.2 
26.3 0.825262 1.23304 26.3 
26.4 0.798657 1.00225 26.4 
26.5 0.769989 0.759124 26.5 
26.6 0.739324 0.505979 26.6 
26.7 0.706734 0.245244 26.7 
26.8 0.672296 -0.0205517 26.8 
26.9 0.636091 -0.2888 26.9 
27 0.598205 -0.556842 27 
27.1 0.558729 -0.821996 27.1 
27.2 0.517758 -1.08158 27.2 
27.3 0.475389 -1.33295 27.3 
27.4 0.431727 -1.5735 27.4 
27.5 0.386876 -1.80072 27.5 
27.6 0.340945 -2.0122 27.6 
27.7 0.294047 -2.20568 27.7 
27.8 0.246297 -2.37904 27.8 
27.9 0.197812 -2.53034 27.9 
28 0.148711 -2.65785 28 
28.1 0.099116 -2.76005 28.1 
28.2 0.0491488 -2.83568 28.2 
28.3 -0.0010662 -2.88371 28.3 
28.4 -0.0514041 -2.90338 28.4 
28.5 -0.101739 -2.89421 28.5 
28.6 -0.151946 -2.85601 28.6 
28.7 -0.201898 -2.78887 28.7 
28.8 -0.251471 -2.69316 28.8 
28.9 -0.300538 -2.56957 28.9 
29 -0.348977 -2.41905 29 
29.1 -0.396665 -2.24283 29.1 
29.2 -0.44348 -2.04242 29.2 
29.3 -0.489304 -1.81958 29.3 
29.4 -0.534019 -1.57632 29.4 
29.5 -0.577511 -1.31486 29.5 
29.6 -0.619667 -1.03764 29.6 
29.7 -0.66038 -0.747271 29.7 
29.8 -0.699544 -0.446525 29.8 
29.9 -0.737056 -0.138306 29.9 
30 -0.77282 0.174378 30 
30.1 -0.806741 0.488445 30.1 
30.2 -0.83873 0.800769 30.2 
30.3 -0.868703 1.10821 30.3 
30.4 -0.896578 1.40764 30.4 
30.5 -0.922282 1.69599 30.5 
30.6 -0.945744 1.97026 30.6 
30.7 -0.966901 2.22757 30.7 
30.8 -0.985693 2.46518 30.8 
30.9 -1.00207 2.68052 30.9 
31 -1.01598 2.8712 31 
31.1 -1.02738 3.03508 31.1 
31.2 -1.03625 3.17025 31.2 
31.3 -1.04255 3.27506 31.3 
31.4 -1.04625 3.34817 31.4 
31.5 -1.04735 3.38853 31.5 
31.6 -1.04584 3.39541 31.6 
31.7 -1.0417 3.36841 31.7 
31.8 -1.03496 3.30745 31.8 
31.9 -1.0256 3.21281 31.9 
32 -1.01366 3.08509 32 
32.1 -0.999159 2.92524 32.1 
32.2 -0.98212 2.73454 32.2 
32.3 -0.962584 2.5146 32.3 
32.4 -0.940593 2.2673 32.4 
32.5 -0.916195 1.99486 32.5 
32.6 -0.889445 1.69975 32.6 
32.7 -0.860405 1.38468 32.7 
32.8 -0.829142 1.05262 32.8 
32.9 -0.795727 0.706717 32.9 
33 -0.76024 0.350284 33 
33.1 -0.722763 -0.0132162 33.1 
33.2 -0.683386 -0.380219 33.2 
33.3 -0.642202 -0.74709 33.3 
33.4 -0.599309 -1.11016 33.4 
33.5 -0.554811 -1.46576 33.5 
33.6 -0.508814 -1.81025 33.6 
33.7 -0.461431 -2.14009 33.7 
33.8 -0.412775 -2.45183 33.8 
33.9 -0.362966 -2.74216 33.9 
34 -0.312125 -3.00798 34 
34.1 -0.260377 -3.24637 34.1 
34.2 -0.207848 -3.45469 34.2 
34.3 -0.154668 -3.63054 34.3 
34.4 -0.100969 -3.77185 34.4 
34.5 -0.046883 -3.87685 34.5 
34.6 0.00745545 -3.94413 34.6 
34.7 0.0619111 -3.97264 34.7 
34.8 0.116348 -3.96171 34.8 
34.9 0.17063 -3.91105 34.9 
35 0.224622 -3.82078 35 
35.1 0.278186 -3.6914 35.1 
35.2 0.33119 -3.52381 35.2 
35.3 0.383497 -3.3193 35.3 
35.4 0.434977 -3.07956 35.4 
35.5 0.485498 -2.80663 35.5 
35.6 0.534932 -2.50289 35.6 
35.7 0.583152 -2.1711 35.7 
35.8 0.630034 -1.81427 35.8 
35.9 0.675459 -1.43573 35.9 
36 0.719308 -1.03905 36 
36.1 0.761469 -0.628015 36.1 
36.2 0.801832 -0.206587 36.2 
36.3 0.840291 0.221122 36.3 
36.4 0.876745 0.650896 36.4 
36.5 0.911099 1.07846 36.5 
36.6 0.943261 1.49951 36.6 
36.7 0.973145 1.90978 36.7 
36.8 1.00067 2.30506 36.8 
36.9 1.02576 2.68123 36.9 
37 1.04835 3.03436 37 
37.1 1.06838 3.36067 37.1 
37.2 1.08579 3.65664 37.2 
37.3 1.10052 3.91901 37.3 
37.4 1.11254 4.1448 37.4 
37.5 1.12181 4.33141 37.5 
37.6 1.1283 4.47657 37.6 
37.7 1.13198 4.57841 37.7 
37.8 1.13285 4.63549 37.8 
37.9 1.13088 4.64679 37.9 
38 1.12608 4.61173 38 
38.1 1.11845 4.5302 38.1 
38.2 1.10801 4.40255 38.2 
38.3 1.09477 4.22961 38.3 
38.4 1.07877 4.01263 38.4 
38.5 1.06002 3.75336 38.5 
38.6 1.03858 3.45397 38.6 
38.7 1.01449 3.11704 38.7 
38.8 0.987799 2.74557 38.8 
38.9 0.958575 2.34293 38.9 
39 0.926881 1.91284 39 
39.1 0.89279 1.45931 39.1 
39.2 0.856382 0.986663 39.2 
39.3 0.817743 0.499417 39.3 
39.4 0.776962 0.00230511 39.4 
39.5 0.734137 -0.499801 39.5 
39.6 0.68937 -1.00193 39.6 
39.7 0.642767 -1.49906 39.7 
39.8 0.594441 -1.98617 39.8 
39.9 0.544508 -2.45829 39.9 
40 0.493089 -2.91055 40 
40.1 0.440308 -3.33823 40.1 
40.2 0.386295 -3.7368 40.2 
40.3 0.331181 -4.10199 40.3 
40.4 0.275102 -4.42981 40.4 
40.5 0.218194 -4.71661 40.5 
40.6 0.160599 -4.95912 40.6 
40.7 0.102458 -5.15445 40.7 
40.8 0.0439156 -5.3002 40.8 
40.9 -0.0148829 -5.3944 40.9 
41 -0.0737912 -5.4356 41 
41.1 -0.132662 -5.42285 41.1 
41.2 -0.191349 -5.35575 41.2 
41.3 -0.249704 -5.23442 41.3 
41.4 -0.30758 -5.05953 41.4 
41.5 -0.364833 -4.8323 41.5 
41.6 -0.421316 -4.55448 41.6 
41.7 -0.476887 -4.22833 41.7 
41.8 -0.531405 -3.85663 41.8 
41.9 -0.584731 -3.44266 41.9 
42 -0.636728 -2.99011 42 
42.1 -0.687264 -2.50314 42.1 
42.2 -0.736207 -1.98627 42.2 
42.3 -0.783433 -1.44437 42.3 
42.4 -0.828818 -0.8826 42.4 
42.5 -0.872244 -0.306391 42.5 
42.6 -0.913598 0.278645 42.6 
42.7 -0.952772 0.866744 42.7 
42.8 -0.989662 1.45206 42.8 
42.9 -1.02417 2.0287 42.9 
43 -1.0562 2.59083 43 
43.1 -1.08568 3.13267 43.1 
43.2 -1.11251 3.64859 43.2 
43.3 -1.13663 4.1332 43.3 
43.4 -1.15796 4.58131 43.4 
43.5 -1.17646 4.9881 43.5 
43.6 -1.19206 5.34907 43.6 
43.7 -1.20472 5.66016 43.7 
43.8 -1.2144 5.91776 43.8 
43.9 -1.22107 6.11876 43.9 
44 -1.2247 6.26058 44 
44.1 -1.22528 6.34122 44.1 
44.2 -1.2228 6.35924 44.2 
44.3 -1.21725 6.31386 44.3 
44.4 -1.20865 6.20488 44.4 
44.5 -1.197 6.03277 44.5 
44.6 -1.18233 5.7986 44.6 
44.7 -1.16467 5.50411 44.7 
44.8 -1.14406 5.15163 44.8 
44.9 -1.12053 4.74411 44.9 
45 -1.09414 4.28508 45 
45.1 -1.06495 3.7786 45.1 
45.2 -1.03303 3.22927 45.2 
45.3 -0.99844 2.64216 45.3 
45.4 -0.961271 2.02275 45.4 
45.5 -0.921605 1.37692 45.5 
45.6 -0.879536 0.710869 45.6 
45.7 -0.835164 0.0310447 45.7 
45.8 -0.788592 -0.655888 45.8 
45.9 -0.739932 -1.34313 45.9 
46 -0.689301 -2.02382 46 
46.1 -0.636821 -2.69107 46.1 
46.2 -0.582617 -3.33809 46.2 
46.3 -0.52682 -3.95819 46.3 
46.4 -0.469568 -4.54491 46.4 
46.5 -0.410998 -5.09206 46.5 
46.6 -0.351254 -5.59375 46.6 
46.7 -0.290483 -6.04452 46.7 
46.8 -0.228834 -6.43935 46.8 
46.9 -0.166458 -6.77374 46.9 
47 -0.103511 -7.04374 47 
47.1 -0.040147 -7.246 47.1 
47.2 0.0234755 -7.37782 47.2 
47.3 0.0871983 -7.43718 47.3 
47.4 0.150863 -7.42276 47.4 
47.5 0.214309 -7.33397 47.5 
47.6 0.277378 -7.17096 47.6 
47.7 0.339911 -6.9346 47.7 
47.8 0.401751 -6.62654 47.8 
47.9 0.462741 -6.24912 47.9 
48 0.522726 -5.80545 48 
48.1 0.581555 -5.29928 48.1 
48.2 0.639077 -4.73505 48.2 
48.3 0.695145 -4.11784 48.3 
48.4 0.749616 -3.45327 48.4 
48.5 0.802348 -2.74753 48.5 
48.6 0.853207 -2.00725 48.6 
48.7 0.902059 -1.2395 48.7 
48.8 0.948779 -0.451673 48.8 
48.9 0.993244 0.348548 48.9 
49 1.03534 1.15328 49 
49.1 1.07495 1.95454 49.1 
49.2 1.11197 2.74425 49.2 
49.3 1.1463 3.51443 49.3 
49.4 1.17785 4.25716 49.4 
49.5 1.20654 4.96474 49.5 
49.6 1.23229 5.62976 49.6 
49.7 1.25501 6.24513 49.7 
49.8 1.27466 6.8042 49.8 
49.9 1.29117 7.30082 49.9 
50 1.30449 7.72939 50 
50.1 1.31458 8.08496 50.1 
50.2 1.32142 8.36323 50.2 
50.3 1.32496 8.56066 50.3 
50.4 1.32521 8.67445 50.4 
50.5 1.32214 8.70264 50.5 
50.6 1.31575 8.64408 50.6 
50.7 1.30607 8.49849 50.7 
50.8 1.29309 8.26647 50.8 
50.9 1.27685 7.94946 50.9 
51 1.25737 7.54978 51 
51.1 1.23471 7.07061 51.1 
51.2 1.20889 6.51594 51.2 
51.3 1.18 5.89057 51.3 
51.4 1.14808 5.20004 51.4 
51.5 1.11321 4.4506 51.5 
51.6 1.07547 3.64916 51.6 
51.7 1.03495 2.80321 51.7 
51.8 0.991734 1.92078 51.8 
51.9 0.945935 1.01031 51.9 
52 0.897657 0.0806303 52 
52.1 0.847014 -0.85915 52.1 
52.2 0.794127 -1.79974 52.2 
52.3 0.739122 -2.73173 52.3 
52.4 0.682132 -3.64573 52.4 
52.5 0.623295 -4.53241 52.5 
52.6 0.562751 -5.38263 52.6 
52.7 0.50065 -6.18753 52.7 
52.8 0.437142 -6.9386 52.8 
52.9 0.372382 -7.6278 52.9 
53 0.306529 -8.24761 53 
53.1 0.239746 -8.79114 53.1 
53.2 0.172196 -9.2522 53.2 
53.3 0.104046 -9.62535 53.3 
53.4 0.0354663 -9.90597 53.4 
53.5 -0.0333737 -10.0903 53.5 
53.6 -0.102302 -10.1757 53.6 
53.7 -0.171148 -10.1601 53.7 
53.8 -0.239737 -10.0427 53.8 
53.9 -0.307899 -9.82376 53.9 
54 -0.375461 -9.50438 54 
54.1 -0.442253 -9.08677 54.1 
54.2 -0.508107 -8.57411 54.2 
54.3 -0.572855 -7.97058 54.3 
54.4 -0.636333 -7.28131 54.4 
54.5 -0.698379 -6.51234 54.5 
54.6 -0.758834 -5.67055 54.6 
54.7 -0.817543 -4.76365 54.7 
54.8 -0.874355 -3.80003 54.8 
54.9 -0.929123 -2.78878 54.9 
55 -0.981705 -1.73953 55 
55.1 -1.03196 -0.662387 55.1 
55.2 -1.07977 0.432148 55.2 
55.3 -1.125 1.53331 55.3 
55.4 -1.16752 2.63014 55.4 
55.5 -1.20723 3.71165 55.5 
55.6 -1.24403 4.76685 55.6 
55.7 -1.27781 5.78494 55.7 
55.8 -1.30847 6.75536 55.8 
55.9 -1.33594 7.66792 55.9 
56 -1.36014 8.51294 56 
56.1 -1.381 9.28128 56.1 
56.2 -1.39847 9.96448 56.2 
56.3 -1.41247 10.5549 56.3 
56.4 -1.42298 11.0456 56.4 
56.5 -1.42997 11.4308 56.5 
56.6 -1.43339 11.7056 56.6 
56.7 -1.43324 11.866 56.7 
56.8 -1.4295 11.9094 56.8 
56.9 -1.42218 11.8341 56.9 
57 -1.41129 11.6397 57 
57.1 -1.39684 11.327 57.1 
57.2 -1.37887 10.8979 57.2 
57.3 -1.3574 10.3555 57.3 
57.4 -1.33248 9.70416 57.4 
57.5 -1.30418 8.94924 57.5 
57.6 -1.27254 8.09728 57.6 
57.7 -1.23764 7.15583 57.7 
57.8 -1.19955 6.13341 57.8 
57.9 -1.15838 5.03943 57.9 
58 -1.1142 3.88411 58 
58.1 -1.06713 2.6784 58.1 
58.2 -1.01728 1.43385 58.2 
58.3 -0.964754 0.162514 58.3 
58.4 -0.909687 -1.12316 58.4 
58.5 -0.852208 -2.41046 58.5 
58.6 -0.792455 -3.68653 58.6 
58.7 -0.730571 -4.93849 58.7 
58.8 -0.666706 -6.15359 58.8 
58.9 -0.601015 -7.3193 58.9 
59 -0.533657 -8.42348 59 
59.1 -0.464797 -9.45446 59.1 
59.2 -0.394602 -10.4012 59.2 
59.3 -0.323245 -11.2534 59.3 
59.4 -0.250902 -12.0016 59.4 
59.5 -0.177751 -12.6373 59.5 
59.6 -0.103972 -13.1529 59.6 
59.7 -0.0297494 -13.5422 59.7 
59.8 0.0447335 -13.7999 59.8 
59.9 0.119291 -13.9222 59.9 
60 0.193736 -13.9066 60 
60.1 0.267883 -13.7516 60.1 
60.2 0.341546 -13.4577 60.2 
60.3 0.414539 -13.0262 60.3 
60.4 0.486678 -12.4601 60.4 
60.5 0.557781 -11.7638 60.5 
60.6 0.627667 -10.9429 60.6 
60.7 0.696159 -10.0043 60.7 
60.8 0.763082 -8.95633 60.8 
60.9 0.828264 -7.8083 60.9 
61 0.891538 -6.5707 61 
61.1 0.952742 -5.25502 61.1 
61.2 1.01172 -3.87363 61.2 
61.3 1.06831 -2.43969 61.3 
61.4 1.12237 -0.967014 61.4 
61.5 1.17377 0.530057 61.5 
61.6 1.22235 2.0368 61.6 
61.7 1.26801 3.53824 61.7 
61.8 1.3106 5.01931 61.8 
61.9 1.35003 6.465 61.9 
62 1.38618 7.8605 62 
62.1 1.41896 9.19135 62.1 
62.2 1.44827 10.4436 62.2 
62.3 1.47403 11.6039 62.3 
62.4 1.49617 12.6598 62.4 
62.5 1.51463 13.5997 62.5 
62.6 1.52934 14.4129 62.6 
62.7 1.54027 15.0902 62.7 
62.8 1.54738 15.6233 62.8 
62.9 1.55063 16.0055 62.9 
63 1.55002 16.2315 63 
63.1 1.54553 16.2975 63.1 
63.2 1.53717 16.2011 63.2 
63.3 1.52494 15.9418 63.3 
63.4 1.50887 15.5204 63.4 
63.5 1.48898 14.9396 63.5 
63.6 1.46533 14.2036 63.6 
63.7 1.43795 13.3182 63.7 
63.8 1.40691 12.2908 63.8 
63.9 1.37227 11.1302 63.9 
64 1.33412 9.84673 64 
64.1 1.29253 8.45192 64.1 
64.2 1.24761 6.95864 64.2 
64.3 1.19946 5.38085 64.3 
64.4 1.14819 3.73347 64.4 
64.5 1.09392 2.03228 64.5 
64.6 1.03679 0.293753 64.6 
64.7 0.976912 -1.46509 64.7 
64.8 0.914446 -3.22688 64.8 
64.9 0.849538 -4.97401 64.9 
65 0.782343 -6.68888 65 
65.1 0.713025 -8.354 65.1 
65.2 0.641751 -9.95224 65.2 
65.3 0.568694 -11.4669 65.3 
65.4 0.494033 -12.8821 65.4 
65.5 0.417951 -14.1826 65.5 
65.6 0.340633 -15.3543 65.6 
65.7 0.26227 -16.3842 65.7 
65.8 0.183056 -17.2605 65.8 
65.9 0.103186 -17.9729 65.9 
66 0.0228583 -18.5128 66 
66.1 -0.0577272 -18.8729 66.1 
66.2 -0.13837 -19.048 66.2 
66.3 -0.218868 -19.0342 66.3 
66.4 -0.299021 -18.83 66.4 
66.5 -0.378626 -18.4355 66.5 
66.6 -0.457484 -17.8527 66.6 
66.7 -0.535395 -17.0855 66.7 
66.8 -0.612162 -16.1397 66.8 
66.9 -0.687591 -15.0232 66.9 
67 -0.76149 -13.7452 67 
67.1 -0.833669 -12.317 67.1 
67.2 -0.903945 -10.7513 67.2 
67.3 -0.972137 -9.06249 67.3 
67.4 -1.03807 -7.26615 67.4 
67.5 -1.10157 -5.37919 67.5 
67.6 -1.16248 -3.41956 67.6 
67.7 -1.22063 -1.40614 67.7 
67.8 -1.27588 0.641478 67.8 
67.9 -1.32807 2.70315 67.9 
68 -1.37707 4.75842 68 
68.1 -1.42276 6.78665 68.1 
68.2 -1.465 8.76729 68.2 
68.3 -1.50369 10.6801 68.3 
68.4 -1.53871 12.5052 68.4 
68.5 -1.56997 14.2235 68.5 
68.6 -1.59739 15.8167 68.6 
68.7 -1.62088 17.2678 68.7 
68.8 -1.64038 18.5606 68.8 
68.9 -1.65583 19.6808 68.9 
69 -1.66717 20.6154 69 
69.1 -1.67438 21.3531 69.1 
69.2 -1.67741 21.8847 69.2 
69.3 -1.67627 22.2028 69.3 
69.4 -1.67092 22.302 69.4 
69.5 -1.66139 22.1792 69.5 
69.6 -1.64768 21.8334 69.6 
69.7 -1.62982 21.2658 69.7 
69.8 -1.60784 20.4799 69.8 
69.9 -1.58178 19.4812 69.9 
70 -1.5517 18.2778 70 
70.1 -1.51767 16.8796 70.1 
70.2 -1.47976 15.2986 70.2 
70.3 -1.43806 13.5488 70.3 
70.4 -1.39265 11.6461 70.4 
70.5 -1.34365 9.60781 70.5 
70.6 -1.29117 7.45308 70.6 
70.7 -1.23533 5.20228 70.7 
70.8 -1.17626 2.87694 70.8 
70.9 -1.11411 0.499586 70.9 
71 -1.04901 -1.90654 71 
71.1 -0.98113 -4.31766 71.1 
71.2 -0.910625 -6.70972 71.2 
71.3 -0.837668 -9.0586 71.3 
71.4 -0.762434 -11.3404 71.4 
71.5 -0.685106 -13.5316 71.5 
71.6 -0.605872 -15.6094 71.6 
71.7 -0.524925 -17.5518 71.7 
71.8 -0.442463 -19.3382 71.8 
71.9 -0.358689 -20.9491 71.9 
72 -0.273809 -22.3666 72 
72.1 -0.188032 -23.5746 72.1 
72.2 -0.101571 -24.5589 72.2 
72.3 -0.0146395 -25.3075 72.3 
72.4 0.0725459 -25.8105 72.4 
72.5 0.159768 -26.0604 72.5 
72.6 0.246808 -26.0522 72.6 
72.7 0.33345 -25.7834 72.7 
72.8 0.419474 -25.2541 72.8 
72.9 0.504664 -24.4669 72.9 
73 0.588806 -23.4273 73 
73.1 0.671686 -22.1429 73.1 
73.2 0.753094 -20.6243 73.2 
73.3 0.832823 -18.8842 73.3 
73.4 0.91067 -16.9379 73.4 
73.5 0.986434 -14.8028 73.5 
73.6 1.05992 -12.4982 73.6 
73.7 1.13094 -10.0457 73.7 
73.8 1.19931 -7.46815 73.8 
73.9 1.26486 -4.79016 73.9 
74 1.3274 -2.03749 74 
74.1 1.38679 0.763087 74.1 
74.2 1.44285 3.58404 74.2 
74.3 1.49545 6.39735 74.3 
74.4 1.54444 9.17483 74.4 
74.5 1.5897 11.8883 74.5 
74.6 1.63109 14.5101 74.6 
74.7 1.6685 17.013 74.7 
74.8 1.70184 19.3707 74.8 
74.9 1.73101 21.5584 74.9 
75 1.75593 23.5523 75 
75.1 1.77651 25.3307 75.1 
75.2 1.79271 26.8735 75.2 
75.3 1.80446 28.163 75.3 
75.4 1.81174 29.1838 75.4 
75.5 1.8145 29.9229 75.5 
75.6 1.81273 30.3703 75.6 
75.7 1.80643 30.5184 75.7 
75.8 1.79559 30.3627 75.8 
75.9 1.78024 29.9019 75.9 
76 1.7604 29.1375 76 
76.1 1.73611 28.0741 76.1 
76.2 1.70742 26.7193 76.2 
76.3 1.67439 25.0837 76.3 
76.4 1.63708 23.1809 76.4 
76.5 1.5956 21.0274 76.5 
76.6 1.55002 18.642 76.6 
76.7 1.50045 16.0463 76.7 
76.8 1.44701 13.2642 76.8 
76.9 1.38981 10.3216 76.9 
77 1.329 7.24643 77 
77.1 1.26471 4.06802 77.1 
77.2 1.1971 0.817142 77.2 
77.3 1.12633 -2.47442 77.3 
77.4 1.05257 -5.77415 77.4 
77.5 0.975989 -9.04913 77.5 
77.6 0.896778 -12.2664 77.6 
77.7 0.815127 -15.3931 77.7 
77.8 0.731234 -18.3972 77.8 
77.9 0.645304 -21.2474 77.9 
78 0.557545 -23.9136 78 
78.1 0.468173 -26.3673 78.1 
78.2 0.377407 -28.5818 78.2 
78.3 0.28547 -30.5327 78.3 
78.4 0.192591 -32.1978 78.4 
78.5 0.098997 -33.5576 78.5 
78.6 0.00492201 -34.5954 78.6 
78.7 -0.0894005 -35.2976 78.7 
78.8 -0.183735 -35.6538 78.8 
78.9 -0.277847 -35.6571 78.9 
79 -0.371499 -35.3038 79 
79.1 -0.464456 -34.594 79.1 
79.2 -0.556485 -33.5311 79.2 
79.3 -0.647352 -32.1223 79.3 
79.4 -0.736828 -30.3782 79.4 
79.5 -0.824686 -28.3128 79.5 
79.6 -0.910702 -25.9437 79.6 
79.7 -0.994656 -23.2914 79.7 
79.8 -1.07633 -20.3798 79.8 
79.9 -1.15552 -17.2351 79.9 
80 -1.23202 -13.8867 80 
80.1 -1.30564 -10.366 80.1 
80.2 -1.37617 -6.70635 80.2 
80.3 -1.44343 -2.94306 80.3 
80.4 -1.50726 0.887286 80.4 
80.5 -1.56748 4.74707 80.5 
80.6 -1.62393 8.59797 80.6 
80.7 -1.67646 12.4014 80.7 
80.8 -1.72493 16.1189 80.8 
80.9 -1.76921 19.7123 80.9 
81 -1.80918 23.1446 81 
81.1 -1.84472 26.3797 81.1 
81.2 -1.87574 29.3834 81.2 
81.3 -1.90215 32.1233 81.3 
81.4 -1.92387 34.5693 81.4 
81.5 -1.94084 36.6941 81.5 
81.6 -1.953 38.4733 81.6 
81.7 -1.9603 39.8855 81.7 
81.8 -1.96272 40.9129 81.8 
81.9 -1.96024 41.5415 81.9 
82 -1.95285 41.761 82 
82.1 -1.94057 41.565 82.1 
82.2 -1.9234 40.9515 82.2 
82.3 -1.90138 39.9223 82.3 
82.4 -1.87455 38.4836 82.4 
82.5 -1.84296 36.6456 82.5 
82.6 -1.8067 34.4228 82.6 
82.7 -1.76582 31.8336 82.7 
82.8 -1.72043 28.9001 82.8 
82.9 -1.67062 25.6483 82.9 
83 -1.61651 22.1075 83 
83.1 -1.55822 18.3103 83.1 
83.2 -1.4959 14.2919 83.2 
83.3 -1.42968 10.0904 83.3 
83.4 -1.35971 5.74606 83.4 
83.5 -1.28618 1.30078 83.5 
83.6 -1.20924 -3.20197 83.6 
83.7 -1.12909 -7.71772 83.7 
83.8 -1.04592 -12.2015 83.8 
83.9 -0.959921 -16.608 83.9 
84 -0.871309 -20.8926 84 
84.1 -0.780298 -25.011 84.1 
84.2 -0.687109 -28.9206 84.2 
84.3 -0.591968 -32.58 84.3 
84.4 -0.49511 -35.9502 84.4 
84.5 -0.396772 -38.9946 84.5 
84.6 -0.297197 -41.6795 84.6 
84.7 -0.196629 -43.9745 84.7 
84.8 -0.0953183 -45.8527 84.8 
84.9 0.00648397 -47.2911 84.9 
85 0.108524 -48.271 85 
85.1 0.210549 -48.778 85.1 
85.2 0.312302 -48.8023 85.2 
85.3 0.413528 -48.3388 85.3 
85.4 0.513974 -47.3873 85.4 
85.5 0.613386 -45.9524 85.5 
85.6 0.711513 -44.0436 85.6 
85.7 0.808107 -41.6753 85.7 
85.8 0.902922 -38.8666 85.8 
85.9 0.995717 -35.6411 85.9 
86 1.08625 -32.0269 86 
86.1 1.1743 -28.0563 86.1 
86.2 1.25963 -23.7655 86.2 
86.3 1.34203 -19.1941 86.3 
86.4 1.42128 -14.385 86.4 
86.5 1.49717 -9.38404 86.5 
86.6 1.56951 -4.23919 86.6 
86.7 1.63811 0.999497 86.7 
86.8 1.70278 6.28058 86.8 
86.9 1.76336 11.5517 86.9 
87 1.81968 16.7599 87 
87.1 1.87159 21.8527 87.1 
87.2 1.91895 26.7779 87.2 
87.3 1.96164 31.4845 87.3 
87.4 1.99952 35.9234 87.4 
87.5 2.0325 40.0474 87.5 
87.6 2.06049 43.8122 87.6 
87.7 2.08339 47.1765 87.7 
87.8 2.10114 50.1026 87.8 
87.9 2.11368 52.5571 87.9 
88 2.12097 54.5105 88 
88.1 2.12298 55.9383 88.1 
88.2 2.11968 56.821 88.2 
88.3 2.11108 57.1443 88.3 
88.4 2.09717 56.8995 88.4 
88.5 2.07799 56.0831 88.5 
88.6 2.05357 54.6978 88.6 
88.7 2.02395 52.7517 88.7 
88.8 1.9892 50.2586 88.8 
88.9 1.94938 47.2379 88.9 
89 1.9046 43.7147 89 
89.1 1.85494 39.7191 89.1 
89.2 1.80052 35.2863 89.2 
89.3 1.74146 30.4564 89.3 
89.4 1.6779 25.2736 89.4 
89.5 1.60999 19.7862 89.5 
89.6 1.53788 14.0461 89.6 
89.7 1.46174 8.10815 89.7 
89.8 1.38177 2.02972 89.8 
89.9 1.29814 -4.12979 89.9 
90 1.21105 -10.3096 90 
90.1 1.12072 -16.4481 90.1 
90.2 1.02736 -22.4835 90.2 
90.3 0.931197 -28.3545 90.3 
90.4 0.832467 -34.0005 90.4 
90.5 0.731409 -39.3631 90.5 
90.6 0.628271 -44.3856 90.6 
90.7 0.523304 -49.0146 90.7 
90.8 0.416766 -53.1996 90.8 
90.9 0.30892 -56.8945 90.9 
91 0.200031 -60.0575 91 
91.1 0.0903711 -62.6514 91.1 
91.2 -0.0197893 -64.6448 91.2 
91.3 -0.130176 -66.0117 91.3 
91.4 -0.240513 -66.7321 91.4 
91.5 -0.350524 -66.7925 91.5 
91.6 -0.459934 -66.1855 91.6 
91.7 -0.568468 -64.9105 91.7 
91.8 -0.675852 -62.9737 91.8 
91.9 -0.781815 -60.3879 91.9 
92 -0.886088 -57.1722 92 
92.1 -0.988407 -53.3527 92.1 
92.2 -1.08851 -48.9615 92.2 
92.3 -1.18614 -44.0368 92.3 
92.4 -1.28105 -38.6224 92.4 
92.5 -1.373 -32.7676 92.5 
92.6 -1.46174 -26.5267 92.6 
92.7 -1.54705 -19.958 92.7 
92.8 -1.62871 -13.1241 92.8 
92.9 -1.7065 -6.09066 92.9 
93 -1.78022 1.07406 93 
93.1 -1.84967 8.2997 93.1 
93.2 -1.91467 15.5146 93.2 
93.3 -1.97504 22.6465 93.3 
93.4 -2.03063 29.6232 93.4 
93.5 -2.08128 36.3735 93.5 
93.6 -2.12686 42.8276 93.6 
93.7 -2.16723 48.9179 93.7 
93.8 -2.20229 54.5799 93.8 
93.9 -2.23192 59.7528 93.9 
94 -2.25605 64.3798 94 
94.1 -2.2746 68.4094 94.1 
94.2 -2.28751 71.7951 94.2 
94.3 -2.29474 74.4968 94.3 
94.4 -2.29625 76.4805 94.4 
94.5 -2.29201 77.7192 94.5 
94.6 -2.28204 78.1931 94.6 
94.7 -2.26634 77.8898 94.7 
94.8 -2.24493 76.8046 94.8 
94.9 -2.21786 74.9405 94.9 
95 -2.18518 72.3084 95 
95.1 -2.14695 68.9268 95.1 
95.2 -2.10325 64.8222 95.2 
95.3 -2.05419 60.0283 95.3 
95.4 -1.99988 54.5861 95.4 
95.5 -1.94042 48.5437 95.5 
95.6 -1.87597 41.9555 95.6 
95.7 -1.80666 34.8818 95.7 
95.8 -1.73267 27.3885 95.8 
95.9 -1.65416 19.5464 95.9 
96 -1.57132 11.4304 96 
96.1 -1.48434 3.11902 96.1 
96.2 -1.39343 -5.30671 96.2 
96.3 -1.29881 -13.7636 96.3 
96.4 -1.20071 -22.1675 96.4 
96.5 -1.09937 -30.4337 96.5 
96.6 -0.995017 -38.4783 96.6 
96.7 -0.887919 -46.2185 96.7 
96.8 -0.778333 -53.5739 96.8 
96.9 -0.666528 -60.4671 96.9 
97 -0.552777 -66.8246 97 
97.1 -0.437359 -72.5775 97.1 
97.2 -0.32056 -77.6621 97.2 
97.3 -0.202667 -82.0209 97.3 
97.4 -0.0839729 -85.6031 97.4 
97.5 0.035228 -88.365 97.5 
97.6 0.154639 -90.271 97.6 
97.7 0.273962 -91.2933 97.7 
97.8 0.392898 -91.4129 97.8 
97.9 0.511149 -90.6195 97.9 
98 0.628418 -88.9121 98 
98.1 0.744409 -86.2984 98.1 
98.2 0.858829 -82.7956 98.2 
98.3 0.971388 -78.4298 98.3 
98.4 1.0818 -73.2361 98.4 
98.5 1.18978 -67.2581 98.5 
98.6 1.29506 -60.5477 98.6 
98.7 1.39737 -53.1647 98.7 
98.8 1.49643 -45.1763 98.8 
98.9 1.59201 -36.6562 98.9 
99 1.68384 -27.6843 99 
99.1 1.77169 -18.3459 99.1 
99.2 1.85534 -8.73066 99.2 
99.3 1.93455 1.06806 99.3 
99.4 2.00912 10.9541 99.4 
99.5 2.07886 20.8294 99.5 
99.6 2.14358 30.5952 99.6 
99.7 2.2031 40.1527 99.7 
99.8 2.25726 49.4043 99.8 
99.9 2.30591 58.2543 99.9 
100 2.34892 66.6103 100 
