0 0.707107 0.707107 0 
0.1 0.707107 0.707107 0.1 
0.2 0.702157 0.700036 0.2 
0.3 0.692258 0.685894 0.3 
0.4 0.677443 0.664751 0.4 
0.5 0.657783 0.63675 0.5 
0.6 0.63338 0.602101 0.6 
0.7 0.604373 0.561084 0.7 
0.8 0.570932 0.514047 0.8 
0.9 0.533261 0.461399 0.9 
1 0.491593 0.40361 1 
1.1 0.446193 0.341207 1.1 
1.2 0.397351 0.274768 1.2 
1.3 0.345386 0.204917 1.3 
1.4 0.290639 0.132319 1.4 
1.5 0.233475 0.057671 1.5 
1.6 0.174276 -0.0183 1.6 
1.7 0.113443 -0.0948477 1.7 
1.8 0.0513903 -0.171212 1.8 
1.9 -0.0114568 -0.246628 1.9 
2 -0.0746636 -0.320333 2 
2.1 -0.13779 -0.39157 2.1 
2.2 -0.200394 -0.459605 2.2 
2.3 -0.262034 -0.523724 2.3 
2.4 -0.32227 -0.583246 2.4 
2.5 -0.380673 -0.637532 2.5 
2.6 -0.436819 -0.685985 2.6 
2.7 -0.490301 -0.728062 2.7 
2.8 -0.540725 -0.76328 2.8 
2.9 -0.587717 -0.791217 2.9 
3 -0.630924 -0.811522 3 
3.1 -0.670017 -0.823914 3.1 
3.2 -0.704694 -0.828191 3.2 
3.3 -0.73468 -0.824229 3.3 
3.4 -0.759734 -0.811985 3.4 
3.5 -0.779644 -0.791499 3.5 
3.6 -0.794237 -0.762892 3.6 
3.7 -0.803372 -0.726371 3.7 
3.8 -0.806947 -0.682221 3.8 
3.9 -0.804899 -0.630807 3.9 
4 -0.797202 -0.572571 4 
4.1 -0.783871 -0.508027 4.1 
4.2 -0.76496 -0.437758 4.2 
4.3 -0.740561 -0.362407 4.3 
4.4 -0.710808 -0.28268 4.4 
4.5 -0.67587 -0.199328 4.5 
4.6 -0.635957 -0.11315 4.6 
4.7 -0.591313 -0.0249778 4.7 
4.8 -0.542218 0.0643255 4.8 
4.9 -0.488983 0.153879 4.9 
5 -0.431952 0.242788 5 
5.1 -0.371499 0.330159 5.1 
5.2 -0.308022 0.415103 5.2 
5.3 -0.241944 0.496744 5.3 
5.4 -0.173711 0.574235 5.4 
5.5 -0.103784 0.646758 5.5 
5.6 -0.0326404 0.713538 5.6 
5.7 0.0392293 0.773852 5.7 
5.8 0.111328 0.827029 5.8 
5.9 0.183151 0.872469 5.9 
6 0.254195 0.909638 6 
6.1 0.323958 0.938082 6.1 
6.2 0.391941 0.95743 6.2 
6.3 0.457656 0.967397 6.3 
6.4 0.520627 0.96779 6.4 
6.5 0.580395 0.958509 6.5 
6.6 0.636519 0.939549 6.6 
6.7 0.68858 0.911005 6.7 
6.8 0.736185 0.873066 6.8 
6.9 0.77897 0.826016 6.9 
7 0.816602 0.770236 7 
7.1 0.848781 0.706195 7.1 
7.2 0.875244 0.634452 7.2 
7.3 0.895765 0.555647 7.3 
7.4 0.91016 0.470498 7.4 
7.5 0.918284 0.379792 7.5 
7.6 0.920037 0.284381 7.6 
7.7 0.915363 0.185173 7.7 
7.8 0.904248 0.08312 7.8 
7.9 0.886725 -0.0207842 7.9 
8 0.862873 -0.12552 8 
8.1 0.832813 -0.230047 8.1 
8.2 0.796714 -0.33332 8.2 
8.3 0.754785 -0.434292 8.3 
8.4 0.707278 -0.53193 8.4 
8.5 0.654489 -0.625226 8.5 
8.6 0.596748 -0.713203 8.6 
8.7 0.534426 -0.794927 8.7 
8.8 0.467927 -0.869519 8.8 
8.9 0.397686 -0.936162 8.9 
9 0.324171 -0.99411 9 
9.1 0.247871 -1.0427 9.1 
9.2 0.169302 -1.08134 9.2 
9.3 0.0889984 -1.10956 9.3 
9.4 0.00750946 -1.12696 9.4 
9.5 -0.0746025 -1.13327 9.5 
9.6 -0.156767 -1.12831 9.6 
9.7 -0.238409 -1.11202 9.7 
9.8 -0.318954 -1.08444 9.8 
9.9 -0.39783 -1.04575 9.9 
10 -0.474474 -0.996205 10 
10.1 -0.548332 -0.936207 10.1 
10.2 -0.61887 -0.866246 10.2 
10.3 -0.685569 -0.786924 10.3 
10.4 -0.747935 -0.698938 10.4 
10.5 -0.805503 -0.603084 10.5 
10.6 -0.857836 -0.50024 10.6 
10.7 -0.904529 -0.391366 10.7 
10.8 -0.945218 -0.277489 10.8 
10.9 -0.979576 -0.159698 10.9 
11 -1.00732 -0.0391329 11 
11.1 -1.0282 0.0830296 11.1 
11.2 -1.04203 0.205583 11.2 
11.3 -1.04867 0.327307 11.3 
11.4 -1.04801 0.446975 11.4 
11.5 -1.04001 0.563369 11.5 
11.6 -1.02467 0.675294 11.6 
11.7 -1.00206 0.781585 11.7 
11.8 -0.972268 0.881123 11.8 
11.9 -0.935465 0.972846 11.9 
12 -0.891856 1.05576 12 
12.1 -0.841699 1.12894 12.1 
12.2 -0.785299 1.19156 12.2 
12.3 -0.723007 1.2429 12.3 
12.4 -0.655218 1.28232 12.4 
12.5 -0.582367 1.30931 12.5 
12.6 -0.504931 1.32348 12.6 
12.7 -0.423417 1.32455 12.7 
12.8 -0.33837 1.31239 12.8 
12.9 -0.250358 1.28699 12.9 
13 -0.159977 1.24846 13 
13.1 -0.0678446 1.19706 13.1 
13.2 0.025408 1.13318 13.2 
13.3 0.119136 1.05732 13.3 
13.4 0.212685 0.970135 13.4 
13.5 0.305401 0.872375 13.5 
13.6 0.396628 0.764914 13.6 
13.7 0.485717 0.648729 13.7 
13.8 0.57203 0.524896 13.8 
13.9 0.654943 0.394575 13.9 
14 0.733851 0.259004 14 
14.1 0.808175 0.119489 14.1 
14.2 0.877362 -0.0226172 14.2 
14.3 0.940892 -0.165918 14.3 
14.4 0.99828 -0.308993 14.4 
14.5 1.04908 -0.450408 14.5 
14.6 1.0929 -0.588733 14.6 
14.7 1.12937 -0.722555 14.7 
14.8 1.15819 -0.850489 14.8 
14.9 1.1791 -0.971197 14.9 
15 1.19191 -1.0834 15 
15.1 1.19646 -1.18589 15.1 
15.2 1.19267 -1.27755 15.2 
15.3 1.18051 -1.35735 15.3 
15.4 1.15999 -1.42437 15.4 
15.5 1.13122 -1.47782 15.5 
15.6 1.09432 -1.51703 15.6 
15.7 1.0495 -1.54146 15.7 
15.8 0.997028 -1.55071 15.8 
15.9 0.937205 -1.54456 15.9 
16 0.870403 -1.52289 16 
16.1 0.797041 -1.48578 16.1 
16.2 0.717586 -1.43344 16.2 
16.3 0.632552 -1.36625 16.3 
16.4 0.542495 -1.28472 16.4 
16.5 0.448009 -1.18952 16.5 
16.6 0.349727 -1.08148 16.6 
16.7 0.248308 -0.961546 16.7 
16.8 0.144441 -0.830796 16.8 
16.9 0.0388362 -0.69043 16.9 
17 -0.0677799 -0.541756 17 
17.1 -0.174668 -0.386177 17.1 
17.2 -0.281081 -0.225181 17.2 
17.3 -0.386272 -0.0603238 17.3 
17.4 -0.489495 0.106786 17.4 
17.5 -0.590015 0.274498 17.5 
17.6 -0.687107 0.441143 17.6 
17.7 -0.78007 0.605043 17.7 
17.8 -0.868223 0.764532 17.8 
17.9 -0.950916 0.91797 17.9 
18 -1.02753 1.06376 18 
18.1 -1.09749 1.20038 18.1 
18.2 -1.16026 1.32635 18.2 
18.3 -1.21534 1.44032 18.3 
18.4 -1.2623 1.54103 18.4 
18.5 -1.30075 1.62734 18.5 
18.6 -1.33037 1.69823 18.6 
18.7 -1.35089 1.75285 18.7 
18.8 -1.36209 1.79049 18.8 
18.9 -1.36383 1.8106 18.9 
19 -1.35604 1.81281 19 
19.1 -1.3387 1.79691 19.1 
19.2 -1.31187 1.76288 19.2 
19.3 -1.27567 1.71088 19.3 
19.4 -1.23029 1.64125 19.4 
19.5 -1.17597 1.55452 19.5 
19.6 -1.11305 1.45137 19.6 
19.7 -1.04189 1.33268 19.7 
19.8 -0.962944 1.19947 19.8 
19.9 -0.876702 1.05294 19.9 
20 -0.783719 0.894409 20 
20.1 -0.6846 0.725352 20.1 
20.2 -0.579995 0.54735 20.2 
20.3 -0.470597 0.362095 20.3 
20.4 -0.35714 0.171367 20.4 
20.5 -0.240388 -0.0229826 20.5 
20.6 -0.121136 -0.219046 20.6 
20.7 -0.000202098 -0.414879 20.7 
20.8 0.12158 -0.608522 20.8 
20.9 0.243364 -0.798016 20.9 
21 0.364297 -0.981425 21 
21.1 0.483526 -1.15685 21.1 
21.2 0.600205 -1.32247 21.2 
21.3 0.713499 -1.47651 21.3 
21.4 0.822592 -1.61734 21.4 
21.5 0.92669 -1.74339 21.5 
21.6 1.02503 -1.85327 21.6 
21.7 1.11688 -1.94572 21.7 
21.8 1.20156 -2.01964 21.8 
21.9 1.27842 -2.0741 21.9 
22 1.34687 -2.10836 22 
22.1 1.40637 -2.12188 22.1 
22.2 1.45644 -2.11432 22.2 
22.3 1.49667 -2.08554 22.3 
22.4 1.5267 -2.03561 22.4 
22.5 1.54626 -1.96484 22.5 
22.6 1.55513 -1.8737 22.6 
22.7 1.55317 -1.76292 22.7 
22.8 1.54033 -1.63339 22.8 
22.9 1.51662 -1.48624 22.9 
23 1.48212 -1.32276 23 
23.1 1.43701 -1.14441 23.1 
23.2 1.38152 -0.952839 23.2 
23.3 1.31598 -0.749821 23.3 
23.4 1.24076 -0.537275 23.4 
23.5 1.15633 -0.31723 23.5 
23.6 1.06322 -0.091812 23.6 
23.7 0.962012 0.136778 23.7 
23.8 0.853362 0.366286 23.8 
23.9 0.737977 0.594426 23.9 
24 0.616619 0.818904 24 
24.1 0.490095 1.03744 24.1 
24.2 0.359255 1.24778 24.2 
24.3 0.224984 1.44775 24.3 
24.4 0.088198 1.63524 24.4 
24.5 -0.0501627 1.80826 24.5 
24.6 -0.189141 1.96492 24.6 
24.7 -0.327768 2.1035 24.7 
24.8 -0.465071 2.22243 24.8 
24.9 -0.600079 2.32032 24.9 
25 -0.731832 2.39599 25 
25.1 -0.859385 2.44846 25.1 
25.2 -0.981814 2.47697 25.2 
25.3 -1.09823 2.48099 25.3 
25.4 -1.20777 2.46025 25.4 
25.5 -1.30962 2.41469 25.5 
25.6 -1.40302 2.34453 25.6 
25.7 -1.48725 2.25023 25.7 
25.8 -1.56167 2.13247 25.8 
25.9 -1.62567 1.99222 25.9 
26 -1.67873 1.83064 26 
26.1 -1.72042 1.64914 26.1 
26.2 -1.75036 1.44934 26.2 
26.3 -1.76825 1.23304 26.3 
26.4 -1.7739 1.00225 26.4 
26.5 -1.76716 0.759124 26.5 
26.6 -1.74801 0.505979 26.6 
26.7 -1.71648 0.245244 26.7 
26.8 -1.67273 -0.0205517 26.8 
26.9 -1.61695 -0.2888 26.9 
27 -1.54947 -0.556842 27 
27.1 -1.47067 -0.821996 27.1 
27.2 -1.38102 -1.08158 27.2 
27.3 -1.28107 -1.33295 27.3 
27.4 -1.17146 -1.5735 27.4 
27.5 -1.05289 -1.80072 27.5 
27.6 -0.926107 -2.0122 27.6 
27.7 -0.791959 -2.20568 27.7 
27.8 -0.651328 -2.37904 27.8 
27.9 -0.505153 -2.53034 27.9 
28 -0.354419 -2.65785 28 
28.1 -0.200149 -2.76005 28.1 
28.2 -0.0433977 -2.83568 28.2 
28.3 0.114754 -2.88371 28.3 
28.4 0.27321 -2.90338 28.4 
28.5 0.430863 -2.89421 28.5 
28.6 0.586603 -2.85601 28.6 
28.7 0.739327 -2.78887 28.7 
28.8 0.887945 -2.69316 28.8 
28.9 1.03139 -2.56957 28.9 
29 1.16861 -2.41905 29 
29.1 1.29862 -2.24283 29.1 
29.2 1.42045 -2.04242 29.2 
29.3 1.53319 -1.81958 29.3 
29.4 1.63598 -1.57632 29.4 
29.5 1.72804 -1.31486 29.5 
29.6 1.80865 -1.03764 29.6 
29.7 1.87716 -0.747271 29.7 
29.8 1.93301 -0.446525 29.8 
29.9 1.97573 -0.138306 29.9 
30 2.00491 0.174378 30 
30.1 2.02026 0.488445 30.1 
30.2 2.02158 0.800769 30.2 
30.3 2.00875 1.10821 30.3 
30.4 1.98178 1.40764 30.4 
30.5 1.94074 1.69599 30.5 
30.6 1.88583 1.97026 30.6 
30.7 1.81733 2.22757 30.7 
30.8 1.73564 2.46518 30.8 
30.9 1.64122 2.68052 30.9 
31 1.53465 2.8712 31 
31.1 1.4166 3.03508 31.1 
31.2 1.2878 3.17025 31.2 
31.3 1.14909 3.27506 31.3 
31.4 1.00136 3.34817 31.4 
31.5 0.845587 3.38853 31.5 
31.6 0.682806 3.39541 31.6 
31.7 0.514105 3.36841 31.7 
31.8 0.340625 3.30745 31.8 
31.9 0.163546 3.21281 31.9 
32 -0.0159179 3.08509 32 
32.1 -0.196526 2.92524 32.1 
32.2 -0.377023 2.73454 32.2 
32.3 -0.556144 2.5146 32.3 
32.4 -0.732626 2.2673 32.4 
32.5 -0.905215 1.99486 32.5 
32.6 -1.07268 1.69975 32.6 
32.7 -1.2338 1.38468 32.7 
32.8 -1.38741 1.05262 32.8 
32.9 -1.53239 0.706717 32.9 
33 -1.66766 0.350284 33 
33.1 -1.7922 -0.0132162 33.1 
33.2 -1.90507 -0.380219 33.2 
33.3 -2.00539 -0.74709 33.3 
33.4 -2.09237 -1.11016 33.4 
33.5 -2.16532 -1.46576 33.5 
33.6 -2.22362 -1.81025 33.6 
33.7 -2.26677 -2.14009 33.7 
33.8 -2.29435 -2.45183 33.8 
33.9 -2.30606 -2.74216 33.9 
34 -2.30171 -3.00798 34 
34.1 -2.28122 -3.24637 34.1 
34.2 -2.24461 -3.45469 34.2 
34.3 -2.19204 -3.63054 34.3 
34.4 -2.12376 -3.77185 34.4 
34.5 -2.04013 -3.87685 34.5 
34.6 -1.94163 -3.94413 34.6 
34.7 -1.82886 -3.97264 34.7 
34.8 -1.70249 -3.96171 34.8 
34.9 -1.56332 -3.91105 34.9 
35 -1.41223 -3.82078 35 
35.1 -1.2502 -3.6914 35.1 
35.2 -1.07829 -3.52381 35.2 
35.3 -0.897622 -3.3193 35.3 
35.4 -0.709407 -3.07956 35.4 
35.5 -0.514908 -2.80663 35.5 
35.6 -0.315444 -2.50289 35.6 
35.7 -0.112376 -2.1711 35.7 
35.8 0.0929008 -1.81427 35.8 
35.9 0.298964 -1.43573 35.9 
36 0.504377 -1.03905 36 
36.1 0.707697 -0.628015 36.1 
36.2 0.907487 -0.206587 36.2 
36.3 1.10232 0.221122 36.3 
36.4 1.29081 0.650896 36.4 
36.5 1.47157 1.07846 36.5 
36.6 1.6433 1.49951 36.6 
36.7 1.80473 1.90978 36.7 
36.8 1.95466 2.30506 36.8 
36.9 2.09196 2.68123 36.9 
37 2.21557 3.03436 37 
37.1 2.32453 3.36067 37.1 
37.2 2.41799 3.65664 37.2 
37.3 2.49518 3.91901 37.3 
37.4 2.55544 4.1448 37.4 
37.5 2.59824 4.33141 37.5 
37.6 2.62314 4.47657 37.6 
37.7 2.62986 4.57841 37.7 
37.8 2.61822 4.63549 37.8 
37.9 2.58817 4.64679 37.9 
38 2.53979 4.61173 38 
38.1 2.47329 4.5302 38.1 
38.2 2.38902 4.40255 38.2 
38.3 2.28743 4.22961 38.3 
38.4 2.16912 4.01263 38.4 
38.5 2.03479 3.75336 38.5 
38.6 1.88529 3.45397 38.6 
38.7 1.72154 3.11704 38.7 
38.8 1.54459 2.74557 38.8 
38.9 1.35559 2.34293 38.9 
39 1.15578 1.91284 39 
39.1 0.946479 1.45931 39.1 
39.2 0.729089 0.986663 39.2 
39.3 0.505073 0.499417 39.3 
39.4 0.275954 0.00230511 39.4 
39.5 0.0432996 -0.499801 39.5 
39.6 -0.191287 -1.00193 39.6 
39.7 -0.426176 -1.49906 39.7 
39.8 -0.659727 -1.98617 39.8 
39.9 -0.890294 -2.45829 39.9 
40 -1.11624 -2.91055 40 
40.1 -1.33596 -3.33823 40.1 
40.2 -1.54786 -3.7368 40.2 
40.3 -1.75041 -4.10199 40.3 
40.4 -1.94213 -4.42981 40.4 
40.5 -2.1216 -4.71661 40.5 
40.6 -2.28746 -4.95912 40.6 
40.7 -2.43848 -5.15445 40.7 
40.8 -2.57349 -5.3002 40.8 
40.9 -2.69142 -5.3944 40.9 
41 -2.79134 -5.4356 41 
41.1 -2.87243 -5.42285 41.1 
41.2 -2.93397 -5.35575 41.2 
41.3 -2.9754 -5.23442 41.3 
41.4 -2.9963 -5.05953 41.4 
41.5 -2.99637 -4.8323 41.5 
41.6 -2.97547 -4.55448 41.6 
41.7 -2.93359 -4.22833 41.7 
41.8 -2.87088 -3.85663 41.8 
41.9 -2.78764 -3.44266 41.9 
42 -2.6843 -2.99011 42 
42.1 -2.56145 -2.50314 42.1 
42.2 -2.4198 -1.98627 42.2 
42.3 -2.26023 -1.44437 42.3 
42.4 -2.08372 -0.8826 42.4 
42.5 -1.89139 -0.306391 42.5 
42.6 -1.68447 0.278645 42.6 
42.7 -1.46431 0.866744 42.7 
42.8 -1.23236 1.45206 42.8 
42.9 -0.990162 2.0287 42.9 
43 -0.739336 2.59083 43 
43.1 -0.481578 3.13267 43.1 
43.2 -0.218646 3.64859 43.2 
43.3 0.0476582 4.1332 43.3 
43.4 0.315493 4.58131 43.4 
43.5 0.582993 4.9881 43.5 
43.6 0.848286 5.34907 43.6 
43.7 1.1095 5.66016 43.7 
43.8 1.36477 5.91776 43.8 
43.9 1.61228 6.11876 43.9 
44 1.85023 6.26058 44 
44.1 2.0769 6.34122 44.1 
44.2 2.29061 6.35924 44.2 
44.3 2.48979 6.31386 44.3 
44.4 2.67294 6.20488 44.4 
44.5 2.83865 6.03277 44.5 
44.6 2.98565 5.7986 44.6 
44.7 3.11279 5.50411 44.7 
44.8 3.21902 5.15163 44.8 
44.9 3.30347 4.74411 44.9 
45 3.36538 4.28508 45 
45.1 3.40417 3.7786 45.1 
45.2 3.41939 3.22927 45.2 
45.3 3.4108 2.64216 45.3 
45.4 3.37826 2.02275 45.4 
45.5 3.32185 1.37692 45.5 
45.6 3.24179 0.710869 45.6 
45.7 3.13848 0.0310447 45.7 
45.8 3.01247 -0.655888 45.8 
45.9 2.8645 -1.34313 45.9 
46 2.69544 -2.02382 46 
46.1 2.50633 -2.69107 46.1 
46.2 2.29835 -3.33809 46.2 
46.3 2.07282 -3.95819 46.3 
46.4 1.83121 -4.54491 46.4 
46.5 1.57509 -5.09206 46.5 
46.6 1.30614 -5.59375 46.6 
46.7 1.02618 -6.04452 46.7 
46.8 0.737067 -6.43935 46.8 
46.9 0.440774 -6.77374 46.9 
47 0.139321 -7.04374 47 
47.1 -0.165217 -7.246 47.1 
47.2 -0.47073 -7.37782 47.2 
47.3 -0.775087 -7.43718 47.3 
47.4 -1.07615 -7.42276 47.4 
47.5 -1.37179 -7.33397 47.5 
47.6 -1.65989 -7.17096 47.6 
47.7 -1.93839 -6.9346 47.7 
47.8 -2.20527 -6.62654 47.8 
47.9 -2.45858 -6.24912 47.9 
48 -2.69646 -5.80545 48 
48.1 -2.91712 -5.29928 48.1 
48.2 -3.11891 -4.73505 48.2 
48.3 -3.30029 -4.11784 48.3 
48.4 -3.45982 -3.45327 48.4 
48.5 -3.59626 -2.74753 48.5 
48.6 -3.70848 -2.00725 48.6 
48.7 -3.79552 -1.2395 48.7 
48.8 -3.85661 -0.451673 48.8 
48.9 -3.89112 0.348548 48.9 
49 -3.89864 1.15328 49 
49.1 -3.87892 1.95454 49.1 
49.2 -3.83191 2.74425 49.2 
49.3 -3.75775 3.51443 49.3 
49.4 -3.65677 4.25716 49.4 
49.5 -3.52948 4.96474 49.5 
49.6 -3.37659 5.62976 49.6 
49.7 -3.199 6.24513 49.7 
49.8 -2.99777 6.8042 49.8 
49.9 -2.77415 7.30082 49.9 
50 -2.52954 7.72939 50 
50.1 -2.26552 8.08496 50.1 
50.2 -1.98378 8.36323 50.2 
50.3 -1.68619 8.56066 50.3 
50.4 -1.37472 8.67445 50.4 
50.5 -1.05144 8.70264 50.5 
50.6 -0.718532 8.64408 50.6 
50.7 -0.378269 8.49849 50.7 
50.8 -0.0329755 8.26647 50.8 
50.9 0.314966 7.94946 50.9 
51 0.663138 7.54978 51 
51.1 1.00911 7.07061 51.1 
51.2 1.35043 6.51594 51.2 
51.3 1.68469 5.89057 51.3 
51.4 2.0095 5.20004 51.4 
51.5 2.32252 4.4506 51.5 
51.6 2.62147 3.64916 51.6 
51.7 2.90416 2.80321 51.7 
51.8 3.1685 1.92078 51.8 
51.9 3.41251 1.01031 51.9 
52 3.63434 0.0806303 52 
52.1 3.83229 -0.85915 52.1 
52.2 4.00479 -1.79974 52.2 
52.3 4.15047 -2.73173 52.3 
52.4 4.26812 -3.64573 52.4 
52.5 4.35671 -4.53241 52.5 
52.6 4.41542 -5.38263 52.6 
52.7 4.44364 -6.18753 52.7 
52.8 4.44095 -6.9386 52.8 
52.9 4.40716 -7.6278 52.9 
53 4.34228 -8.24761 53 
53.1 4.24654 -8.79114 53.1 
53.2 4.12042 -9.2522 53.2 
53.3 3.96456 -9.62535 53.3 
53.4 3.77986 -9.90597 53.4 
53.5 3.56742 -10.0903 53.5 
53.6 3.32851 -10.1757 53.6 
53.7 3.06463 -10.1601 53.7 
53.8 2.77745 -10.0427 53.8 
53.9 2.46882 -9.82376 53.9 
54 2.14074 -9.50438 54 
54.1 1.79539 -9.08677 54.1 
54.2 1.43505 -8.57411 54.2 
54.3 1.06214 -7.97058 54.3 
54.4 0.679186 -7.28131 54.4 
54.5 0.288797 -6.51234 54.5 
54.6 -0.106346 -5.67055 54.6 
54.7 -0.503511 -4.76365 54.7 
54.8 -0.899931 -3.80003 54.8 
54.9 -1.29283 -2.78878 54.9 
55 -1.67942 -1.73953 55 
55.1 -2.05697 -0.662387 55.1 
55.2 -2.42276 0.432148 55.2 
55.3 -2.77415 1.53331 55.3 
55.4 -3.10858 2.63014 55.4 
55.5 -3.4236 3.71165 55.5 
55.6 -3.71685 4.76685 55.6 
55.7 -3.98614 5.78494 55.7 
55.8 -4.22941 6.75536 55.8 
55.9 -4.44477 7.66792 55.9 
56 -4.63054 8.51294 56 
56.1 -4.78518 9.28128 56.1 
56.2 -4.90742 9.96448 56.2 
56.3 -4.99615 10.5549 56.3 
56.4 -5.05054 11.0456 56.4 
56.5 -5.06995 11.4308 56.5 
56.6 -5.05401 11.7056 56.6 
56.7 -5.00258 11.866 56.7 
56.8 -4.91577 11.9094 56.8 
56.9 -4.79395 11.8341 56.9 
57 -4.63771 11.6397 57 
57.1 -4.44791 11.327 57.1 
57.2 -4.22565 10.8979 57.2 
57.3 -3.97226 10.3555 57.3 
57.4 -3.68929 9.70416 57.4 
57.5 -3.37851 8.94924 57.5 
57.6 -3.0419 8.09728 57.6 
57.7 -2.68165 7.15583 57.7 
57.8 -2.3001 6.13341 57.8 
57.9 -1.89978 5.03943 57.9 
58 -1.48336 3.88411 58 
58.1 -1.05364 2.6784 58.1 
58.2 -0.613542 1.43385 58.2 
58.3 -0.166064 0.162514 58.3 
58.4 0.285708 -1.12316 58.4 
58.5 0.738642 -2.41046 58.5 
58.6 1.18958 -3.68653 58.6 
58.7 1.63534 -4.93849 58.7 
58.8 2.07278 -6.15359 58.8 
58.9 2.49877 -7.3193 58.9 
59 2.91025 -8.42348 59 
59.1 3.30424 -9.45446 59.1 
59.2 3.67785 -10.4012 59.2 
59.3 4.02834 -11.2534 59.3 
59.4 4.35308 -12.0016 59.4 
59.5 4.64963 -12.6373 59.5 
59.6 4.9157 -13.1529 59.6 
59.7 5.14923 -13.5422 59.7 
59.8 5.34834 -13.7999 59.8 
59.9 5.51141 -13.9222 59.9 
60 5.63704 -13.9066 60 
60.1 5.7241 -13.7516 60.1 
60.2 5.77169 -13.4577 60.2 
60.3 5.77921 -13.0262 60.3 
60.4 5.74634 -12.4601 60.4 
60.5 5.673 -11.7638 60.5 
60.6 5.55945 -10.9429 60.6 
60.7 5.40618 -10.0043 60.7 
60.8 5.214 -8.95633 60.8 
60.9 4.98397 -7.8083 60.9 
61 4.71745 -6.5707 61 
61.1 4.41603 -5.25502 61.1 
61.2 4.0816 -3.87363 61.2 
61.3 3.71625 -2.43969 61.3 
61.4 3.32233 -0.967014 61.4 
61.5 2.9024 0.530057 61.5 
61.6 2.45921 2.0368 61.6 
61.7 1.99571 3.53824 61.7 
61.8 1.51499 5.01931 61.8 
61.9 1.0203 6.465 61.9 
62 0.515006 7.8605 62 
62.1 0.00256912 9.19135 62.1 
62.2 -0.513472 10.4436 62.2 
62.3 -1.02953 11.6039 62.3 
62.4 -1.542 12.6598 62.4 
62.5 -2.04726 13.5997 62.5 
62.6 -2.54172 14.4129 62.6 
62.7 -3.02185 15.0902 62.7 
62.8 -3.4842 15.6233 62.8 
62.9 -3.92538 16.0055 62.9 
63 -4.34218 16.2315 63 
63.1 -4.7315 16.2975 63.1 
63.2 -5.09043 16.2011 63.2 
63.3 -5.41624 15.9418 63.3 
63.4 -5.70641 15.5204 63.4 
63.5 -5.95867 14.9396 63.5 
63.6 -6.17098 14.2036 63.6 
63.7 -6.34159 13.3182 63.7 
63.8 -6.46899 12.2908 63.8 
63.9 -6.55201 11.1302 63.9 
64 -6.58974 9.84673 64 
64.1 -6.58161 8.45192 64.1 
64.2 -6.52735 6.95864 64.2 
64.3 -6.42702 5.38085 64.3 
64.4 -6.281 3.73347 64.4 
64.5 -6.08999 2.03228 64.5 
64.6 -5.85501 0.293753 64.6 
64.7 -5.5774 -1.46509 64.7 
64.8 -5.25881 -3.22688 64.8 
64.9 -4.90117 -4.97401 64.9 
65 -4.50672 -6.68888 65 
65.1 -4.07797 -8.354 65.1 
65.2 -3.61767 -9.95224 65.2 
65.3 -3.12882 -11.4669 65.3 
65.4 -2.61465 -12.8821 65.4 
65.5 -2.07857 -14.1826 65.5 
65.6 -1.5242 -15.3543 65.6 
65.7 -0.955272 -16.3842 65.7 
65.8 -0.375677 -17.2605 65.8 
65.9 0.210605 -17.9729 65.9 
66 0.799517 -18.5128 66 
66.1 1.38695 -18.8729 66.1 
66.2 1.9688 -19.048 66.2 
66.3 2.54093 -19.0342 66.3 
66.4 3.09928 -18.83 66.4 
66.5 3.63984 -18.4355 66.5 
66.6 4.15871 -17.8527 66.6 
66.7 4.6521 -17.0855 66.7 
66.8 5.11638 -16.1397 66.8 
66.9 5.5481 -15.0232 66.9 
67 5.944 -13.7452 67 
67.1 6.30106 -12.317 67.1 
67.2 6.61652 -10.7513 67.2 
67.3 6.88786 -9.06249 67.3 
67.4 7.1129 -7.26615 67.4 
67.5 7.28971 -5.37919 67.5 
67.6 7.41674 -3.41956 67.6 
67.7 7.49274 -1.40614 67.7 
67.8 7.51682 0.641478 67.8 
67.9 7.48845 2.70315 67.9 
68 7.40747 4.75842 68 
68.1 7.27406 6.78665 68.1 
68.2 7.08881 8.76729 68.2 
68.3 6.85263 10.6801 68.3 
68.4 6.56684 12.5052 68.4 
68.5 6.23307 14.2235 68.5 
68.6 5.85334 15.8167 68.6 
68.7 5.42997 17.2678 68.7 
68.8 4.96564 18.5606 68.8 
68.9 4.46329 19.6808 68.9 
69 3.92618 20.6154 69 
69.1 3.35783 21.3531 69.1 
69.2 2.762 21.8847 69.2 
69.3 2.14266 22.2028 69.3 
69.4 1.50399 22.302 69.4 
69.5 0.850317 22.1792 69.5 
69.6 0.186118 21.8334 69.6 
69.7 -0.484033 21.2658 69.7 
69.8 -1.15549 20.4799 69.8 
69.9 -1.82355 19.4812 69.9 
70 -2.48353 18.2778 70 
70.1 -3.13074 16.8796 70.1 
70.2 -3.76057 15.2986 70.2 
70.3 -4.36848 13.5488 70.3 
70.4 -4.95007 11.6461 70.4 
70.5 -5.50108 9.60781 70.5 
70.6 -6.01744 7.45308 70.6 
70.7 -6.49529 5.20228 70.7 
70.8 -6.93102 2.87694 70.8 
70.9 -7.32128 0.499586 70.9 
71 -7.66302 -1.90654 71 
71.1 -7.95352 -4.31766 71.1 
71.2 -8.19037 -6.70972 71.2 
71.3 -8.37155 -9.0586 71.3 
71.4 -8.4954 -11.3404 71.4 
71.5 -8.56065 -13.5316 71.5 
71.6 -8.56643 -15.6094 71.6 
71.7 -8.51228 -17.5518 71.7 
71.8 -8.39817 -19.3382 71.8 
71.9 -8.22447 -20.9491 71.9 
72 -7.99199 -22.3666 72 
72.1 -7.70193 -23.5746 72.1 
72.2 -7.35593 -24.5589 72.2 
72.3 -6.95602 -25.3075 72.3 
72.4 -6.50462 -25.8105 72.4 
72.5 -6.00452 -26.0604 72.5 
72.6 -5.45889 -26.0522 72.6 
72.7 -4.87123 -25.7834 72.7 
72.8 -4.24536 -25.2541 72.8 
72.9 -3.58539 -24.4669 72.9 
73 -2.8957 -23.4273 73 
73.1 -2.18091 -22.1429 73.1 
73.2 -1.44586 -20.6243 73.2 
73.3 -0.695533 -18.8842 73.3 
73.4 0.0649104 -16.9379 73.4 
73.5 0.830223 -14.8028 73.5 
73.6 1.59508 -12.4982 73.6 
73.7 2.35413 -10.0457 73.7 
73.8 3.10201 -7.46815 73.8 
73.9 3.83341 -4.79016 73.9 
74 4.5431 -2.03749 74 
74.1 5.22595 0.763087 74.1 
74.2 5.87701 3.58404 74.2 
74.3 6.49148 6.39735 74.3 
74.4 7.06481 9.17483 74.4 
74.5 7.5927 11.8883 74.5 
74.6 8.07114 14.5101 74.6 
74.7 8.49643 17.013 74.7 
74.8 8.86522 19.3707 74.8 
74.9 9.17453 21.5584 74.9 
75 9.42179 23.5523 75 
75.1 9.60483 25.3307 75.1 
75.2 9.72191 26.8735 75.2 
75.3 9.77177 28.163 75.3 
75.4 9.75356 29.1838 75.4 
75.5 9.66696 29.9229 75.5 
75.6 9.51208 30.3703 75.6 
75.7 9.28953 30.5184 75.7 
75.8 9.0004 30.3627 75.8 
75.9 8.64624 29.9019 75.9 
76 8.22908 29.1375 76 
76.1 7.75139 28.0741 76.1 
76.2 7.2161 26.7193 76.2 
76.3 6.62655 25.0837 76.3 
76.4 5.98649 23.1809 76.4 
76.5 5.30004 21.0274 76.5 
76.6 4.57169 18.642 76.6 
76.7 3.80624 16.0463 76.7 
76.8 3.00878 13.2642 76.8 
76.9 2.18468 10.3216 76.9 
77 1.33952 7.24643 77 
77.1 0.479069 4.06802 77.1 
77.2 -0.390761 0.817142 77.2 
77.3 -1.26394 -2.47442 77.3 
77.4 -2.13439 -5.77415 77.4 
77.5 -2.99599 -9.04913 77.5 
77.6 -3.84265 -12.2664 77.6 
77.7 -4.66834 -15.3931 77.7 
77.8 -5.46713 -18.3972 77.8 
77.9 -6.23324 -21.2474 77.9 
78 -6.96108 -23.9136 78 
78.1 -7.64529 -26.3673 78.1 
78.2 -8.28077 -28.5818 78.2 
78.3 -8.86273 -30.5327 78.3 
78.4 -9.38673 -32.1978 78.4 
78.5 -9.84869 -33.5576 78.5 
78.6 -10.2449 -34.5954 78.6 
78.7 -10.5723 -35.2976 78.7 
78.8 -10.8279 -35.6538 78.8 
78.9 -11.0094 -35.6571 78.9 
79 -11.1152 -35.3038 79 
79.1 -11.144 -34.594 79.1 
79.2 -11.0949 -33.5311 79.2 
79.3 -10.9678 -32.1223 79.3 
79.4 -10.7631 -30.3782 79.4 
79.5 -10.4815 -28.3128 79.5 
79.6 -10.1247 -25.9437 79.6 
79.7 -9.69443 -23.2914 79.7 
79.8 -9.19332 -20.3798 79.8 
79.9 -8.62435 -17.2351 79.9 
80 -7.99103 -13.8867 80 
80.1 -7.29734 -10.366 80.1 
80.2 -6.54771 -6.70635 80.2 
80.3 -5.747 -2.94306 80.3 
80.4 -4.90045 0.887286 80.4 
80.5 -4.01368 4.74707 80.5 
80.6 -3.0926 8.59797 80.6 
80.7 -2.14342 12.4014 80.7 
80.8 -1.1726 16.1189 80.8 
80.9 -0.186777 19.7123 80.9 
81 0.807257 23.1446 81 
81.1 1.8026 26.3797 81.1 
81.2 2.79229 29.3834 81.2 
81.3 3.76936 32.1233 81.3 
81.4 4.72689 34.5693 81.4 
81.5 5.65803 36.6941 81.5 
81.6 6.55608 38.4733 81.6 
81.7 7.41453 39.8855 81.7 
81.8 8.22708 40.9129 81.8 
81.9 8.98773 41.5415 81.9 
82 9.6908 41.761 82 
82.1 10.3309 41.565 82.1 
82.2 10.9033 40.9515 82.2 
82.3 11.4033 39.9223 82.3 
82.4 11.8269 38.4836 82.4 
82.5 12.1708 36.6456 82.5 
82.6 12.4318 34.4228 82.6 
82.7 12.6077 31.8336 82.7 
82.8 12.6966 28.9001 82.8 
82.9 12.6971 25.6483 82.9 
83 12.6089 22.1075 83 
83.1 12.4317 18.3103 83.1 
83.2 12.1663 14.2919 83.2 
83.3 11.8138 10.0904 83.3 
83.4 11.3762 5.74606 83.4 
83.5 10.8559 1.30078 83.5 
83.6 10.2559 -3.20197 83.6 
83.7 9.58001 -7.71772 83.7 
83.8 8.83228 -12.2015 83.8 
83.9 8.0175 -16.608 83.9 
84 7.14088 -20.8926 84 
84.1 6.20815 -25.011 84.1 
84.2 5.22543 -28.9206 84.2 
84.3 4.19925 -32.58 84.3 
84.4 3.13649 -35.9502 84.4 
84.5 2.04434 -38.9946 84.5 
84.6 0.930236 -41.6795 84.6 
84.7 -0.19818 -43.9745 84.7 
84.8 -1.33311 -45.8527 84.8 
84.9 -2.46665 -47.2911 84.9 
85 -3.59086 -48.271 85 
85.1 -4.6978 -48.778 85.1 
85.2 -5.77961 -48.8023 85.2 
85.3 -6.82853 -48.3388 85.3 
85.4 -7.837 -47.3873 85.4 
85.5 -8.79766 -45.9524 85.5 
85.6 -9.70347 -44.0436 85.6 
85.7 -10.5477 -41.6753 85.7 
85.8 -11.324 -38.8666 85.8 
85.9 -12.0265 -35.6411 85.9 
86 -12.6496 -32.0269 86 
86.1 -13.1887 -28.0563 86.1 
86.2 -13.6391 -23.7655 86.2 
86.3 -13.9973 -19.1941 86.3 
86.4 -14.2599 -14.385 86.4 
86.5 -14.4246 -9.38404 86.5 
86.6 -14.4895 -4.23919 86.6 
86.7 -14.4534 0.999497 86.7 
86.8 -14.3159 6.28058 86.8 
86.9 -14.0772 11.5517 86.9 
87 -13.7382 16.7599 87 
87.1 -13.3008 21.8527 87.1 
87.2 -12.7672 26.7779 87.2 
87.3 -12.1404 31.4845 87.3 
87.4 -11.4243 35.9234 87.4 
87.5 -10.6233 40.0474 87.5 
87.6 -9.74221 43.8122 87.6 
87.7 -8.78679 47.1765 87.7 
87.8 -7.76318 50.1026 87.8 
87.9 -6.67807 52.5571 87.9 
88 -5.53861 54.5105 88 
88.1 -4.3524 55.9383 88.1 
88.2 -3.12742 56.821 88.2 
88.3 -1.87198 57.1443 88.3 
88.4 -0.594645 56.8995 88.4 
88.5 0.695794 56.0831 88.5 
88.6 1.9904 54.6978 88.6 
88.7 3.28013 52.7517 88.7 
88.8 4.55593 50.2586 88.8 
88.9 5.80876 47.2379 88.9 
89 7.02971 43.7147 89 
89.1 8.20999 39.7191 89.1 
89.2 9.34107 35.2863 89.2 
89.3 10.4147 30.4564 89.3 
89.4 11.4229 25.2736 89.4 
89.5 12.3582 19.7862 89.5 
89.6 13.2136 14.0461 89.6 
89.7 13.9824 8.10815 89.7 
89.8 14.6588 2.02972 89.8 
89.9 15.2372 -4.12979 89.9 
90 15.7131 -10.3096 90 
90.1 16.0823 -16.4481 90.1 
90.2 16.3415 -22.4835 90.2 
90.3 16.4882 -28.3545 90.3 
90.4 16.5204 -34.0005 90.4 
90.5 16.4372 -39.3631 90.5 
90.6 16.2384 -44.3856 90.6 
90.7 15.9246 -49.0146 90.7 
90.8 15.497 -53.1996 90.8 
90.9 14.958 -56.8945 90.9 
91 14.3105 -60.0575 91 
91.1 13.5583 -62.6514 91.1 
91.2 12.7059 -64.6448 91.2 
91.3 11.7586 -66.0117 91.3 
91.4 10.7224 -66.7321 91.4 
91.5 9.60388 -66.7925 91.5 
91.6 8.41029 -66.1855 91.6 
91.7 7.14947 -64.9105 91.7 
91.8 5.82978 -62.9737 91.8 
91.9 4.46005 -60.3879 91.9 
92 3.0495 -57.1722 92 
92.1 1.60774 -53.3527 92.1 
92.2 0.144624 -48.9615 92.2 
92.3 -1.32974 -44.0368 92.3 
92.4 -2.80512 -38.6224 92.4 
92.5 -4.27119 -32.7676 92.5 
92.6 -5.71762 -26.5267 92.6 
92.7 -7.13416 -19.958 92.7 
92.8 -8.51067 -13.1241 92.8 
92.9 -9.83725 -6.09066 92.9 
93 -11.1042 1.07406 93 
93.1 -12.3024 8.2997 93.1 
93.2 -13.4228 15.5146 93.2 
93.3 -14.4571 22.6465 93.3 
93.4 -15.3974 29.6232 93.4 
93.5 -16.2365 36.3735 93.5 
93.6 -16.9679 42.8276 93.6 
93.7 -17.5856 48.9179 93.7 
93.8 -18.0845 54.5799 93.8 
93.9 -18.4603 59.7528 93.9 
94 -18.7096 64.3798 94 
94.1 -18.8296 68.4094 94.1 
94.2 -18.8186 71.7951 94.2 
94.3 -18.6758 74.4968 94.3 
94.4 -18.4013 76.4805 94.4 
94.5 -17.9961 77.7192 94.5 
94.6 -17.4621 78.1931 94.6 
94.7 -16.8021 77.8898 94.7 
94.8 -16.0198 76.8046 94.8 
94.9 -15.12 74.9405 94.9 
95 -14.108 72.3084 95 
95.1 -12.9901 68.9268 95.1 
95.2 -11.7735 64.8222 95.2 
95.3 -10.466 60.0283 95.3 
95.4 -9.07606 54.5861 95.4 
95.5 -7.61286 48.5437 95.5 
95.6 -6.08613 41.9555 95.6 
95.7 -4.5061 34.8818 95.7 
95.8 -2.88348 27.3885 95.8 
95.9 -1.22931 19.5464 95.9 
96 0.445046 11.4304 96 
96.1 2.12801 3.11902 96.1 
96.2 3.80785 -5.30671 96.2 
96.3 5.4728 -13.7636 96.3 
96.4 7.11109 -22.1675 96.4 
96.5 8.71107 -30.4337 96.5 
96.6 10.2613 -38.4783 96.6 
96.7 11.7505 -46.2185 96.7 
96.8 13.1679 -53.5739 96.8 
96.9 14.5031 -60.4671 96.9 
97 15.746 -66.8246 97 
97.1 16.8875 -72.5775 97.1 
97.2 17.9187 -77.6621 97.2 
97.3 18.8317 -82.0209 97.3 
97.4 19.6193 -85.6031 97.4 
97.5 20.2751 -88.365 97.5 
97.6 20.7935 -90.271 97.6 
97.7 21.17 -91.2933 97.7 
97.8 21.4009 -91.4129 97.8 
97.9 21.4837 -90.6195 97.9 
98 21.4166 -88.9121 98 
98.1 21.1992 -86.2984 98.1 
98.2 20.8319 -82.7956 98.2 
98.3 20.3161 -78.4298 98.3 
98.4 19.6545 -73.2361 98.4 
98.5 18.8508 -67.2581 98.5 
98.6 17.9094 -60.5477 98.6 
98.7 16.8361 -53.1647 98.7 
98.8 15.6374 -45.1763 98.8 
98.9 14.3209 -36.6562 98.9 
99 12.8949 -27.6843 99 
99.1 11.3686 -18.3459 99.1 
99.2 9.7521 -8.73066 99.2 
99.3 8.05601 1.06806 99.3 
99.4 6.29165 10.9541 99.4 
99.5 4.47091 20.8294 99.5 
99.6 2.60612 30.5952 99.6 
99.7 0.710036 40.1527 99.7 
99.8 -1.20429 49.4043 99.8 
99.9 -3.12359 58.2543 99.9 
100 -5.03446 66.6103 100 
