0 1 0
0.1 0.995 -0.1
0.2 0.980025 -0.199
0.3 0.955225 -0.296008
0.4 0.920848 -0.39005
0.5 0.877239 -0.480185
0.6 0.824834 -0.565507
0.7 0.764159 -0.645163
0.8 0.695822 -0.718353
0.9 0.620508 -0.784344
1 0.538971 -0.842473
1.1 0.452029 -0.892158
1.2 0.360553 -0.9329
1.3 0.26546 -0.96429
1.4 0.167704 -0.986015
1.5 0.0682636 -0.997855
1.6 -0.0318633 -0.999692
1.7 -0.131673 -0.991508
1.8 -0.230166 -0.973383
1.9 -0.326353 -0.945499
2 -0.419271 -0.908136
2.1 -0.507988 -0.861669
2.2 -0.591615 -0.806561
2.3 -0.669313 -0.743367
2.4 -0.740304 -0.672719
2.5 -0.803874 -0.595325
2.6 -0.859387 -0.511961
2.7 -0.906286 -0.423462
2.8 -0.944101 -0.330716
2.9 -0.972452 -0.234653
3 -0.991055 -0.136234
3.1 -0.999723 -0.0364476
3.2 -0.99837 0.063707
3.3 -0.987007 0.163225
3.4 -0.965749 0.26111
3.5 -0.93481 0.356379
3.6 -0.894498 0.448078
3.7 -0.845217 0.535288
3.8 -0.787462 0.617133
3.9 -0.721812 0.692794
4 -0.648923 0.761511
4.1 -0.569528 0.822596
4.2 -0.484421 0.875435
4.3 -0.394455 0.9195
4.4 -0.300533 0.954348
4.5 -0.203595 0.97963
4.6 -0.104614 0.995091
4.7 -0.00458191 1.00058
4.8 0.0954987 0.996032
4.9 0.194624 0.981502
5 0.291802 0.957132
5.1 0.386056 0.923167
5.2 0.476442 0.879945
5.3 0.562055 0.827901
5.4 0.642034 0.767556
5.5 0.71558 0.699515
5.6 0.781953 0.62446
5.7 0.84049 0.543142
5.8 0.890601 0.456377
5.9 0.931786 0.365035
6 0.963631 0.270031
6.1 0.985816 0.172318
6.2 0.998118 0.072875
6.3 1.00042 -0.0273012
6.4 0.992683 -0.127206
6.5 0.974999 -0.225838
6.6 0.94754 -0.322209
6.7 0.910582 -0.415352
6.8 0.864494 -0.504334
6.9 0.809738 -0.588261
7 0.746863 -0.666294
7.1 0.676499 -0.737649
7.2 0.599352 -0.80161
7.3 0.516194 -0.857537
7.4 0.427859 -0.904869
7.5 0.335233 -0.943131
7.6 0.239244 -0.971938
7.7 0.140854 -0.991003
7.8 0.0410493 -1.00013
7.9 -0.0591693 -0.999238
8 -0.158797 -0.988325
8.1 -0.256836 -0.967503
8.2 -0.352302 -0.936982
8.3 -0.444239 -0.897067
8.4 -0.531724 -0.848158
8.5 -0.613881 -0.790745
8.6 -0.689886 -0.725403
8.7 -0.758977 -0.652787
8.8 -0.820461 -0.573626
8.9 -0.873721 -0.488711
9 -0.918224 -0.398896
9.1 -0.953522 -0.305079
9.2 -0.979262 -0.208201
9.3 -0.995186 -0.109234
9.4 -1.00113 -0.0091691
9.5 -0.997045 0.0909901
9.6 -0.982961 0.19024
9.7 -0.959022 0.287585
9.8 -0.925468 0.382049
9.9 -0.882636 0.472685
10 -0.830954 0.558586
10.1 -0.770941 0.638888
10.2 -0.703198 0.712788
10.3 -0.628403 0.779544
10.4 -0.547306 0.838486
10.5 -0.460721 0.889024
10.6 -0.369515 0.930651
10.7 -0.274603 0.96295
10.8 -0.176935 0.985595
10.9 -0.0774904 0.998361
11 0.0227331 1.00112
11.1 0.122731 0.993839
11.2 0.221501 0.976597
11.3 0.318054 0.949563
11.4 0.41142 0.91301
11.5 0.500664 0.867303
11.6 0.584891 0.8129
11.7 0.663256 0.750347
11.8 0.734975 0.680269
11.9 0.799327 0.603371
12 0.855667 0.520421
12.1 0.903431 0.432252
12.2 0.942139 0.339748
12.3 0.971403 0.243835
12.4 0.99093 0.145476
12.5 1.00052 0.0456555
12.6 1.00009 -0.0546251
12.7 0.989623 -0.15436
12.8 0.969238 -0.252551
12.9 0.939137 -0.348212
13 0.89962 -0.440385
13.1 0.851084 -0.528145
13.2 0.794014 -0.610612
13.3 0.728982 -0.686961
13.4 0.656641 -0.756424
13.5 0.577716 -0.818306
13.6 0.492997 -0.871986
13.7 0.403333 -0.916926
13.8 0.309624 -0.952675
13.9 0.212808 -0.978874
14 0.113857 -0.99526
14.1 0.0137615 -1.00167
14.2 -0.0864743 -0.998037
14.3 -0.185846 -0.9844
14.4 -0.283356 -0.960893
14.5 -0.378029 -0.927753
14.6 -0.468914 -0.885311
14.7 -0.555101 -0.833993
14.8 -0.635724 -0.774313
14.9 -0.709977 -0.706869
15 -0.777114 -0.632337
15.1 -0.836462 -0.551464
15.2 -0.887426 -0.465061
15.3 -0.929495 -0.373993
15.4 -0.962247 -0.279173
15.5 -0.985353 -0.181553
15.6 -0.998582 -0.0821095
15.7 -1.0018 0.0181592
15.8 -0.994975 0.118248
15.9 -0.978175 0.217155
16 -0.951569 0.313886
16.1 -0.915422 0.407474
16.2 -0.870098 0.496979
16.3 -0.81605 0.581504
16.4 -0.753819 0.660201
16.5 -0.68403 0.732282
16.6 -0.607381 0.797024
16.7 -0.524642 0.853777
16.8 -0.436641 0.901972
16.9 -0.344261 0.941126
17 -0.248427 0.970847
17.1 -0.1501 0.990835
17.2 -0.0502661 1.00089
17.3 0.0500743 1.00091
17.4 0.149915 0.990901
17.5 0.248256 0.970955
17.6 0.34411 0.941275
17.7 0.436517 0.902157
17.8 0.52455 0.853995
17.9 0.607327 0.79727
18 0.684017 0.732551
18.1 0.753852 0.660486
18.2 0.816131 0.581799
18.3 0.870231 0.497277
18.4 0.915607 0.407767
18.5 0.951806 0.314168
18.6 0.978464 0.217416
18.7 0.995313 0.118483
18.8 1.00218 0.018359
18.9 0.99901 -0.0819513
19 0.985819 -0.181442
19.1 0.962746 -0.279117
19.2 0.930021 -0.373996
19.3 0.887971 -0.465128
19.4 0.837018 -0.5516
19.5 0.777673 -0.632544
19.6 0.71053 -0.707148
19.7 0.636263 -0.774665
19.8 0.555615 -0.834418
19.9 0.469395 -0.885808
20 0.378467 -0.928318
20.1 0.283743 -0.961523
20.2 0.186172 -0.98509
20.3 0.0867323 -0.998782
20.4 -0.0135796 -1.00246
20.5 -0.113758 -0.996091
20.6 -0.212798 -0.979735
20.7 -0.309708 -0.953556
20.8 -0.403515 -0.917818
20.9 -0.493279 -0.872877
21 -0.5781 -0.819185
21.1 -0.657128 -0.757279
21.2 -0.72957 -0.68778
21.3 -0.794701 -0.611384
21.4 -0.851865 -0.528857
21.5 -0.900492 -0.441026
21.6 -0.940092 -0.348772
21.7 -0.970269 -0.253019
21.8 -0.990719 -0.154727
21.9 -1.00124 -0.0548811
22 -1.00172 0.0455171
22.1 -0.99216 0.145462
22.2 -0.972653 0.24395
22.3 -0.943395 0.339996
22.4 -0.904678 0.432635
22.5 -0.856891 0.52094
22.6 -0.800513 0.604024
22.7 -0.736108 0.681055
22.8 -0.664322 0.751261
22.9 -0.585874 0.813937
23 -0.501551 0.868454
23.1 -0.412198 0.914267
23.2 -0.31871 0.950916
23.3 -0.222025 0.978032
23.4 -0.123112 0.995344
23.5 -0.0229615 1.00268
23.6 0.0774212 0.999962
23.7 0.17703 0.98722
23.8 0.274867 0.964581
23.9 0.369951 0.932271
24 0.461328 0.890615
24.1 0.548083 0.840029
24.2 0.629345 0.78102
24.3 0.704301 0.714181
24.4 0.772197 0.64018
24.5 0.832354 0.559759
24.6 0.884168 0.473725
24.7 0.92712 0.382939
24.8 0.960778 0.288313
24.9 0.984806 0.190793
25 0.998961 0.0913587
25.1 1.0031 -0.00899421
25.2 0.997187 -0.109259
25.3 0.981275 -0.208432
25.4 0.955526 -0.305517
25.5 0.920196 -0.399542
25.6 0.875641 -0.489564
25.7 0.822307 -0.57468
25.8 0.760727 -0.654038
25.9 0.69152 -0.72684
26 0.615378 -0.792358
26.1 0.533065 -0.849934
26.2 0.445407 -0.898991
26.3 0.35328 -0.939036
26.4 0.25761 -0.969669
26.5 0.159355 -0.990582
26.6 0.0595004 -1.00156
26.7 -0.0409536 -1.00251
26.8 -0.141 -0.993399
26.9 -0.239634 -0.974332
27 -0.335869 -0.945497
27.1 -0.42874 -0.907183
27.2 -0.517314 -0.859773
27.3 -0.600705 -0.803742
27.4 -0.678076 -0.739653
27.5 -0.748651 -0.668147
27.6 -0.811722 -0.589941
27.7 -0.866658 -0.50582
27.8 -0.912906 -0.416625
27.9 -0.950004 -0.323251
28 -0.977579 -0.226634
28.1 -0.995355 -0.127743
28.2 -1.00315 -0.0275689
28.3 -1.00089 0.0728842
28.4 -0.988601 0.172609
28.5 -0.966397 0.270606
28.6 -0.934504 0.365893
28.7 -0.893242 0.457514
28.8 -0.843025 0.54455
28.9 -0.784355 0.62613
29 -0.71782 0.701435
29.1 -0.644087 0.76971
29.2 -0.563896 0.83027
29.3 -0.478049 0.882508
29.4 -0.387408 0.925901
29.5 -0.292881 0.960012
29.6 -0.195416 0.9845
29.7 -0.0959886 0.999119
29.8 0.00440328 1.00372
29.9 0.104753 0.998263
30 0.204056 0.982797
30.1 0.301315 0.957477
30.2 0.395557 0.922558
30.3 0.485835 0.87839
30.4 0.571244 0.825414
30.5 0.65093 0.764163
30.6 0.724091 0.695249
30.7 0.789996 0.619364
30.8 0.847982 0.537267
30.9 0.897469 0.449783
31 0.93796 0.357787
31.1 0.969049 0.262202
31.2 0.990424 0.163986
31.3 1.00187 0.0641238
31.4 1.00327 -0.0363838
31.5 0.994618 -0.136529
31.6 0.975992 -0.235308
31.7 0.947582 -0.331731
31.8 0.909671 -0.424831
31.9 0.862639 -0.513674
32 0.806959 -0.597369
32.1 0.743187 -0.675078
32.2 0.671963 -0.746021
32.3 0.594001 -0.809488
32.4 0.510082 -0.86484
32.5 0.421048 -0.911524
32.6 0.32779 -0.949071
32.7 0.231244 -0.977105
32.8 0.132377 -0.995344
32.9 0.0321812 -1.00361
33 -0.0683402 -1.00181
33.1 -0.168179 -0.989962
33.2 -0.266334 -0.968194
33.3 -0.361822 -0.93672
33.4 -0.453685 -0.895854
33.5 -0.541002 -0.846006
33.6 -0.622898 -0.787676
33.7 -0.698551 -0.721448
33.8 -0.767203 -0.647986
33.9 -0.828165 -0.568026
34 -0.880827 -0.482369
34.1 -0.92466 -0.391874
34.2 -0.959224 -0.297449
34.3 -0.984173 -0.200039
34.4 -0.999256 -0.100622
34.5 -1.00432 -0.000193134
34.6 -0.999319 0.10024
34.7 -0.984299 0.199671
34.8 -0.95941 0.297102
34.9 -0.924903 0.391558
35 -0.881123 0.48209
35.1 -0.828508 0.567792
35.2 -0.767586 0.647804
35.3 -0.698968 0.721324
35.4 -0.623341 0.787614
35.5 -0.541463 0.84601
35.6 -0.454154 0.895926
35.7 -0.362291 0.936862
35.8 -0.266793 0.968407
35.9 -0.168619 0.990244
36 -0.0687513 1.00215
36.1 0.0318079 1.00402
36.2 0.132051 0.995818
36.3 0.230972 0.977634
36.4 0.327581 0.949648
36.5 0.420908 0.912142
36.6 0.510017 0.865491
36.7 0.594016 0.810161
36.8 0.672063 0.746709
36.9 0.743373 0.675769
37 0.807233 0.598053
37.1 0.863002 0.514339
37.2 0.910121 0.425468
37.3 0.948117 0.332328
37.4 0.97661 0.235855
37.5 0.995312 0.137014
37.6 1.00404 0.0367982
37.7 1.0027 -0.0637895
37.8 0.991304 -0.16374
37.9 0.969974 -0.262052
38 0.938919 -0.357739
38.1 0.89845 -0.449842
38.2 0.848974 -0.537438
38.3 0.790985 -0.619648
38.4 0.725065 -0.695648
38.5 0.651875 -0.764677
38.6 0.572148 -0.826041
38.7 0.486683 -0.879125
38.8 0.396337 -0.923398
38.9 0.302016 -0.958415
39 0.204664 -0.983824
39.1 0.105258 -0.999372
39.2 0.00479495 -1.0049
39.3 -0.0957191 -1.00036
39.4 -0.195276 -0.985782
39.5 -0.292878 -0.961325
39.6 -0.387546 -0.927231
39.7 -0.478331 -0.88384
39.8 -0.564324 -0.831588
39.9 -0.644661 -0.770998
40 -0.718537 -0.702676
40.1 -0.785212 -0.627309
40.2 -0.844017 -0.545652
40.3 -0.894362 -0.458522
40.4 -0.935743 -0.366793
40.5 -0.967743 -0.271385
40.6 -0.990043 -0.173253
40.7 -1.00242 -0.0733827
40.8 -1.00474 0.027226
40.9 -0.996998 0.127564
41 -0.979256 0.226626
41.1 -0.951698 0.323419
41.2 -0.914597 0.416971
41.3 -0.868327 0.506346
41.4 -0.813351 0.590647
41.5 -0.750219 0.669029
41.6 -0.679565 0.740706
41.7 -0.602097 0.804959
41.8 -0.518591 0.861144
41.9 -0.429883 0.908697
42 -0.336864 0.947142
42.1 -0.240466 0.976093
42.2 -0.141654 0.995259
42.3 -0.0414198 1.00445
42.4 0.059232 1.00357
42.5 0.159293 0.992626
42.6 0.257759 0.971734
42.7 0.353643 0.9411
42.8 0.445985 0.90103
42.9 0.533858 0.851926
43 0.616382 0.794281
43.1 0.692728 0.728671
43.2 0.762131 0.655755
43.3 0.823896 0.576263
43.4 0.877403 0.490992
43.5 0.922115 0.400797
43.6 0.957584 0.306581
43.7 0.983454 0.20929
43.8 0.999466 0.109898
43.9 1.00546 0.00940208
44 1.00137 -0.0911908
44.1 0.987246 -0.190872
44.2 0.963222 -0.288642
44.3 0.929542 -0.383521
44.4 0.886542 -0.474558
44.5 0.834653 -0.560839
44.6 0.774396 -0.6415
44.7 0.706374 -0.715732
44.8 0.631269 -0.782791
44.9 0.549834 -0.842004
45 0.462884 -0.892778
45.1 0.371292 -0.934602
45.2 0.275975 -0.967058
45.3 0.17789 -0.98982
45.4 0.0780181 -1.00266
45.5 -0.022638 -1.00545
45.6 -0.12307 -0.998158
45.7 -0.22227 -0.98086
45.8 -0.319245 -0.953729
45.9 -0.413021 -0.917036
46 -0.50266 -0.871148
46.1 -0.587261 -0.816527
46.2 -0.665978 -0.753718
46.3 -0.73802 -0.683351
46.4 -0.802665 -0.606133
46.5 -0.859265 -0.522836
46.6 -0.907252 -0.434295
46.7 -0.946145 -0.341398
46.8 -0.975554 -0.245077
46.9 -0.995184 -0.146296
47 -1.00484 -0.046046
47.1 -1.00442 0.054668
47.2 -0.993929 0.154836
47.3 -0.973476 0.253455
47.4 -0.943263 0.349536
47.5 -0.903593 0.442114
47.6 -0.854864 0.530263
47.7 -0.797563 0.613098
47.8 -0.732266 0.689789
47.9 -0.659625 0.759566
48 -0.580371 0.821731
48.1 -0.495296 0.87566
48.2 -0.405253 0.920811
48.3 -0.311146 0.956732
48.4 -0.213917 0.983063
48.5 -0.114541 0.999539
48.6 -0.0140144 1.006
48.7 0.0866552 1.00237
48.8 0.186459 0.98869
48.9 0.284395 0.965101
49 0.379483 0.931836
49.1 0.47077 0.889228
49.2 0.557339 0.837705
49.3 0.638322 0.777783
49.4 0.712909 0.710061
49.5 0.780351 0.63522
49.6 0.839971 0.554009
49.7 0.891172 0.467242
49.8 0.93344 0.375789
49.9 0.966352 0.280566
50 0.989577 0.182528
50.1 1.00288 0.0826572
50.2 1.00613 -0.0180442
50.3 0.999298 -0.118567
50.4 0.982445 -0.217904
50.5 0.955742 -0.315059
50.6 0.919457 -0.409058
50.7 0.873954 -0.498958
50.8 0.819689 -0.583859
50.9 0.757204 -0.662909
51 0.687127 -0.735315
51.1 0.61016 -0.800351
51.2 0.527074 -0.857365
51.3 0.438702 -0.905786
51.4 0.34593 -0.945127
51.5 0.249688 -0.974994
51.6 0.15094 -0.995088
51.7 0.0506767 -1.00521
51.8 -0.0500974 -1.00525
51.9 -0.150372 -0.995212
52 -0.249141 -0.975199
52.1 -0.345415 -0.945409
52.2 -0.438229 -0.90614
52.3 -0.526652 -0.857787
52.4 -0.609797 -0.800833
52.5 -0.686832 -0.735849
52.6 -0.756982 -0.663486
52.7 -0.819546 -0.584471
52.8 -0.873896 -0.499594
52.9 -0.919485 -0.409706
53 -0.955859 -0.315709
53.1 -0.98265 -0.218545
53.2 -0.999591 -0.119187
53.3 -1.00651 -0.0186319
53.4 -1.00334 0.0821125
53.5 -0.990115 0.182036
53.6 -0.966961 0.280138
53.7 -0.934112 0.375433
53.8 -0.891898 0.466967
53.9 -0.840742 0.553822
54 -0.781156 0.635127
54.1 -0.713738 0.710067
54.2 -0.639162 0.77789
54.3 -0.558177 0.837917
54.4 -0.471595 0.889545
54.5 -0.380282 0.932257
54.6 -0.285155 0.965624
54.7 -0.187167 0.989312
54.8 -0.0873 1.00308
54.9 0.0134446 1.0068
55 0.114057 1.00042
55.1 0.213529 0.98401
55.2 0.310862 0.957737
55.3 0.405081 0.921862
55.4 0.495242 0.876745
55.5 0.58044 0.822837
55.6 0.659822 0.760679
55.7 0.732591 0.690893
55.8 0.798017 0.61418
55.9 0.855445 0.531307
56 0.904298 0.443106
56.1 0.944087 0.350461
56.2 0.974413 0.2543
56.3 0.994971 0.155587
56.4 1.00555 0.0553117
56.5 1.00606 -0.0455203
56.6 0.996476 -0.145899
56.7 0.976904 -0.244817
56.8 0.947537 -0.341283
56.9 0.908671 -0.43433
57 0.860695 -0.523026
57.1 0.804089 -0.60648
57.2 0.739421 -0.683857
57.3 0.667338 -0.754379
57.4 0.588563 -0.817341
57.5 0.503886 -0.872111
57.6 0.414156 -0.918139
57.7 0.320271 -0.954964
57.8 0.223173 -0.982216
57.9 0.123836 -0.999622
58 0.0232544 -1.00701
58.1 -0.0775627 -1.0043
58.2 -0.177605 -0.99152
58.3 -0.275869 -0.968802
58.4 -0.37137 -0.936371
58.5 -0.46315 -0.894553
58.6 -0.550289 -0.843765
58.7 -0.631914 -0.784517
58.8 -0.707207 -0.717403
58.9 -0.775411 -0.643095
59 -0.835843 -0.562339
59.1 -0.887898 -0.475943
59.2 -0.931053 -0.384773
59.3 -0.964875 -0.289744
59.4 -0.989025 -0.191808
59.5 -1.00326 -0.0919464
59.6 -1.00744 0.00883935
59.7 -1.00152 0.109539
59.8 -0.985556 0.209143
59.9 -0.959714 0.306653
60 -0.92425 0.401091
60.1 -0.87952 0.491511
60.2 -0.825971 0.577005
60.3 -0.764141 0.656717
60.4 -0.694648 0.729848
60.5 -0.61819 0.795663
60.6 -0.535533 0.853504
60.7 -0.447505 0.90279
60.8 -0.354989 0.943027
60.9 -0.258911 0.97381
61 -0.160235 0.994832
61.1 -0.059951 1.00588
61.2 0.040937 1.00685
61.3 0.141417 0.997719
61.4 0.240482 0.978589
61.5 0.337138 0.949648
61.6 0.430417 0.911186
61.7 0.519384 0.863588
61.8 0.603146 0.807332
61.9 0.680863 0.742981
62 0.751757 0.671179
62.1 0.815116 0.592648
62.2 0.870305 0.508173
62.3 0.916771 0.418602
62.4 0.954048 0.324831
62.5 0.98176 0.227803
62.6 0.999632 0.128487
62.7 1.00748 0.0278818
62.8 1.00523 -0.0730058
62.9 0.992906 -0.173164
63 0.970626 -0.271589
63.1 0.938614 -0.367294
63.2 0.897191 -0.459318
63.3 0.846773 -0.546741
63.4 0.787865 -0.628685
63.5 0.721058 -0.704328
63.6 0.647019 -0.772912
63.7 0.566493 -0.833749
63.8 0.480286 -0.88623
63.9 0.389261 -0.929827
64 0.294332 -0.964104
64.1 0.19645 -0.988717
64.2 0.0965964 -1.00342
64.3 -0.00422846 -1.00806
64.4 -0.105013 -1.0026
64.5 -0.204748 -0.987083
64.6 -0.302433 -0.961673
64.7 -0.397088 -0.926622
64.8 -0.487765 -0.88228
64.9 -0.573554 -0.829092
65 -0.653595 -0.767591
65.1 -0.727086 -0.698394
65.2 -0.79329 -0.622193
65.3 -0.851543 -0.539753
65.4 -0.901261 -0.4519
65.5 -0.941944 -0.359514
65.6 -0.973186 -0.263522
65.7 -0.994672 -0.164886
65.8 -1.00619 -0.0645944
65.9 -1.00762 0.0363473
66 -0.998943 0.136927
66.1 -0.980256 0.236137
66.2 -0.951741 0.332982
66.3 -0.913684 0.426491
66.4 -0.866466 0.515727
66.5 -0.810561 0.599795
66.6 -0.746529 0.677852
66.7 -0.675011 0.749116
66.8 -0.596725 0.812871
66.9 -0.512454 0.868479
67 -0.423044 0.915382
67.1 -0.32939 0.95311
67.2 -0.232432 0.981283
67.3 -0.133142 0.99962
67.4 -0.0325141 1.00794
67.5 0.0684421 1.00615
67.6 0.168715 0.994273
67.7 0.267298 0.97243
67.8 0.363205 0.940838
67.9 0.455473 0.899813
68 0.543177 0.849767
68.1 0.625438 0.791201
68.2 0.70143 0.724701
68.3 0.770393 0.650934
68.4 0.831635 0.57064
68.5 0.884541 0.484624
68.6 0.92858 0.393746
68.7 0.963312 0.29892
68.8 0.988387 0.201094
68.9 1.00355 0.10125
69 1.00866 0.000387938
69.1 1.00366 -0.10048
69.2 0.988591 -0.200344
69.3 0.963614 -0.298201
69.4 0.928976 -0.393071
69.5 0.885024 -0.484004
69.6 0.832198 -0.570086
69.7 0.771029 -0.650455
69.8 0.702128 -0.724306
69.9 0.626187 -0.790897
70 0.543966 -0.849561
70.1 0.45629 -0.89971
70.2 0.364038 -0.940841
70.3 0.268133 -0.97254
70.4 0.169539 -0.994491
70.5 0.069242 -1.00647
70.6 -0.0317515 -1.00836
70.7 -0.132429 -1.00015
70.8 -0.231782 -0.981904
70.9 -0.328813 -0.953816
71 -0.422551 -0.916165
71.1 -0.512054 -0.86933
71.2 -0.596427 -0.813777
71.3 -0.674823 -0.750066
71.4 -0.746455 -0.678833
71.5 -0.810606 -0.600794
71.6 -0.866633 -0.516729
71.7 -0.913972 -0.427482
71.8 -0.952151 -0.333947
71.9 -0.980785 -0.237063
72 -0.999587 -0.137799
72.1 -1.00837 -0.0371511
72.2 -1.00704 0.0638715
72.3 -0.99562 0.164256
72.4 -0.974216 0.262997
72.5 -0.943045 0.359104
72.6 -0.90242 0.451613
72.7 -0.852746 0.539597
72.8 -0.794523 0.622173
72.9 -0.728333 0.698515
73 -0.65484 0.767855
73.1 -0.57478 0.8295
73.2 -0.488956 0.882831
73.3 -0.398228 0.927312
73.4 -0.303506 0.962498
73.5 -0.205739 0.988037
73.6 -0.105906 1.00367
73.7 -0.00500976 1.00924
73.8 0.0959395 1.0047
73.9 0.19593 0.99008
74 0.293958 0.965536
74.1 0.389042 0.931313
74.2 0.480228 0.887752
74.3 0.566602 0.835291
74.4 0.647298 0.774454
74.5 0.721507 0.705852
74.6 0.788485 0.630172
74.7 0.847559 0.548173
74.8 0.898139 0.460676
74.9 0.939716 0.368559
75 0.971873 0.272744
75.1 0.994288 0.174193
75.2 1.00674 0.0738935
75.3 1.00909 -0.0271496
75.4 1.00133 -0.127923
75.5 0.983532 -0.227417
75.6 0.955873 -0.324633
75.7 0.91863 -0.418597
75.8 0.872178 -0.508367
75.9 0.81698 -0.593043
76 0.753591 -0.671776
76.1 0.682645 -0.743776
76.2 0.604854 -0.808321
76.3 0.520998 -0.864765
76.4 0.431917 -0.912541
76.5 0.338503 -0.95117
76.6 0.241693 -0.980265
76.7 0.142458 -0.999533
76.8 0.0417928 -1.00878
76.9 -0.0592942 -1.00792
77 -0.159789 -0.996947
77.1 -0.258685 -0.975983
77.2 -0.35499 -0.945235
77.3 -0.447739 -0.90501
77.4 -0.536001 -0.855711
77.5 -0.618892 -0.797832
77.6 -0.695581 -0.731954
77.7 -0.765298 -0.658736
77.8 -0.827345 -0.578913
77.9 -0.8811 -0.493284
78 -0.926023 -0.402707
78.1 -0.961663 -0.308091
78.2 -0.987664 -0.210384
78.3 -1.00376 -0.110566
78.4 -1.0098 -0.0096369
78.5 -1.00572 0.0913915
78.6 -0.991549 0.191506
78.7 -0.967441 0.289704
78.8 -0.933633 0.384999
78.9 -0.890465 0.476437
79 -0.838369 0.563102
79.1 -0.777867 0.644123
79.2 -0.709565 0.718689
79.3 -0.634149 0.786052
79.4 -0.552373 0.845537
79.5 -0.465057 0.896546
79.6 -0.373077 0.938569
79.7 -0.277355 0.971184
79.8 -0.17885 0.994064
79.9 -0.0785489 1.00698
80 0.0225417 1.0098
80.1 0.123409 1.0025
80.2 0.223041 0.985142
80.3 0.32044 0.957912
80.4 0.414629 0.921079
80.5 0.504664 0.87501
80.6 0.589642 0.820169
80.7 0.66871 0.757104
80.8 0.741077 0.686447
80.9 0.806017 0.608907
81 0.862877 0.525261
81.1 0.911089 0.436347
81.2 0.950168 0.343056
81.3 0.979723 0.246324
81.4 0.999457 0.14712
81.5 1.00917 0.0464391
81.6 1.00877 -0.0547103
81.7 0.998255 -0.155314
81.8 0.977732 -0.254363
81.9 0.947407 -0.350864
82 0.907584 -0.44385
82.1 0.858661 -0.532389
82.2 0.801129 -0.615594
82.3 0.735564 -0.692628
82.4 0.662623 -0.762722
82.5 0.583038 -0.82517
82.6 0.497605 -0.879348
82.7 0.407182 -0.924712
82.8 0.312675 -0.960807
82.9 0.215031 -0.98727
83 0.115229 -1.00384
83.1 0.0142693 -1.01034
83.2 -0.0868361 -1.00672
83.3 -0.187074 -0.992999
83.4 -0.285438 -0.969326
83.5 -0.380944 -0.935936
83.6 -0.472632 -0.893162
83.7 -0.559585 -0.841433
83.8 -0.640931 -0.781267
83.9 -0.715853 -0.713268
84 -0.7836 -0.638116
84.1 -0.843494 -0.556566
84.2 -0.894933 -0.469433
84.3 -0.937402 -0.377593
84.4 -0.970474 -0.281965
84.5 -0.993818 -0.183507
84.6 -1.0072 -0.0832081
84.7 -1.01048 0.0179279
84.8 -1.00364 0.118887
84.9 -0.986733 0.218656
85 -0.959933 0.316236
85.1 -0.92351 0.410648
85.2 -0.877828 0.500946
85.3 -0.823344 0.586224
85.4 -0.760605 0.665627
85.5 -0.690239 0.73836
85.6 -0.612952 0.803692
85.7 -0.529518 0.860969
85.8 -0.440773 0.909615
85.9 -0.347608 0.949145
86 -0.250955 0.97916
86.1 -0.151785 0.99936
86.2 -0.0510898 1.00954
86.3 0.0501197 1.0096
86.4 0.150829 0.999542
86.5 0.250029 0.979462
86.6 0.346726 0.949562
86.7 0.439948 0.910141
86.8 0.528762 0.861596
86.9 0.612278 0.804411
87 0.689658 0.739162
87.1 0.760126 0.6665
87.2 0.822975 0.587155
87.3 0.877576 0.501922
87.4 0.92338 0.411654
87.5 0.959929 0.317258
87.6 0.986855 0.219679
87.7 1.00389 0.119895
87.8 1.01086 0.0189068
87.9 1.00769 -0.0822736
88 0.994429 -0.182632
88.1 0.971194 -0.281161
88.2 0.938222 -0.376875
88.3 0.895843 -0.468813
88.4 0.844483 -0.556053
88.5 0.784655 -0.637721
88.6 0.716959 -0.712998
88.7 0.642075 -0.781129
88.8 0.560752 -0.841431
88.9 0.473805 -0.893299
89 0.382106 -0.936213
89.1 0.286574 -0.969742
89.2 0.188167 -0.993551
89.3 0.087871 -1.0074
89.4 -0.0133083 -1.01115
89.5 -0.114357 -1.00476
89.6 -0.214261 -0.988304
89.7 -0.31202 -0.961936
89.8 -0.406654 -0.925925
89.9 -0.497213 -0.88063
90 -0.58279 -0.826505
90.1 -0.662527 -0.764094
90.2 -0.735623 -0.69402
90.3 -0.801347 -0.616988
90.4 -0.859039 -0.533768
90.5 -0.908121 -0.445196
90.6 -0.9481 -0.352157
90.7 -0.978575 -0.255587
90.8 -0.999241 -0.156451
90.9 -1.00989 -0.0557449
91 -1.01041 0.0455228
91.1 -1.00081 0.146337
91.2 -0.981173 0.245686
91.3 -0.951698 0.342575
91.4 -0.912682 0.436032
91.5 -0.864516 0.52512
91.6 -0.807681 0.608946
91.7 -0.742748 0.686669
91.8 -0.670368 0.757511
91.9 -0.591265 0.82076
92 -0.506232 0.875783
92.1 -0.416123 0.922027
92.2 -0.32184 0.959029
92.3 -0.224327 0.986418
92.4 -0.124564 1.00392
92.5 -0.0235494 1.01136
92.6 0.0777039 1.00865
92.7 0.178181 0.99584
92.8 0.276874 0.973043
92.9 0.372794 0.94049
93 0.464979 0.898508
93.1 0.552505 0.847518
93.2 0.634494 0.78803
93.3 0.710124 0.72064
93.4 0.778638 0.646024
93.5 0.839347 0.564931
93.6 0.891643 0.478171
93.7 0.935002 0.386616
93.8 0.968989 0.291183
93.9 0.993262 0.192828
94 1.00758 0.0925376
94.1 1.01179 -0.00868298
94.2 1.00587 -0.109819
94.3 0.989856 -0.209857
94.4 0.963921 -0.307793
94.5 0.928322 -0.402646
94.6 0.883416 -0.493465
94.7 0.829652 -0.579339
94.8 0.76757 -0.659408
94.9 0.697792 -0.732868
95 0.621016 -0.798983
95.1 0.538012 -0.857089
95.2 0.449613 -0.906605
95.3 0.356705 -0.947033
95.4 0.260218 -0.977969
95.5 0.16112 -0.999101
95.6 0.0604043 -1.01022
95.7 -0.0409194 -1.01121
95.8 -0.141835 -1.00206
95.9 -0.241332 -0.982865
96 -0.338412 -0.953817
96.1 -0.432102 -0.915207
96.2 -0.521462 -0.867421
96.3 -0.605597 -0.810937
96.4 -0.683662 -0.746323
96.5 -0.754876 -0.674225
96.6 -0.818525 -0.595367
96.7 -0.873969 -0.510537
96.8 -0.920652 -0.420588
96.9 -0.958108 -0.32642
97 -0.985959 -0.228977
97.1 -1.00393 -0.129236
97.2 -1.01183 -0.0281969
97.3 -1.00959 0.0731272
97.4 -0.997231 0.173721
97.5 -0.974873 0.272575
97.6 -0.942741 0.3687
97.7 -0.901157 0.46113
97.8 -0.850538 0.54894
97.9 -0.791392 0.631249
98 -0.72431 0.707232
98.1 -0.649965 0.776127
98.2 -0.569102 0.837243
98.3 -0.482533 0.889967
98.4 -0.391123 0.93377
98.5 -0.295791 0.968214
98.6 -0.19749 0.992952
98.7 -0.0972076 1.00774
98.8 0.00405204 1.01242
98.9 0.105274 1.00695
99 0.205442 0.991389
99.1 0.303554 0.965888
99.2 0.398625 0.930703
99.3 0.489702 0.886187
99.4 0.575872 0.832786
99.5 0.656272 0.771035
99.6 0.730094 0.701552
99.7 0.796598 0.625035
99.8 0.855119 0.54225
99.9 0.905068 0.454027
100 0.945946 0.36125
