0 0.707107 0.707107 0 
0.1 0.704632 0.703571 0.1 
0.2 0.697216 0.692982 0.2 
0.3 0.684911 0.675446 0.3 
0.4 0.667803 0.651138 0.4 
0.5 0.646012 0.620301 0.5 
0.6 0.619691 0.583246 0.6 
0.7 0.589023 0.540342 0.7 
0.8 0.554226 0.492021 0.8 
0.9 0.515541 0.438765 0.9 
1 0.473241 0.38111 1 
1.1 0.427622 0.319632 1.1 
1.2 0.379003 0.254949 1.2 
1.3 0.327727 0.187709 1.3 
1.4 0.274152 0.118584 1.4 
1.5 0.218653 0.0482696 1.5 
1.6 0.161621 -0.0225308 1.6 
1.7 0.103454 -0.093107 1.7 
1.8 0.044562 -0.162752 1.8 
1.9 -0.0146437 -0.230766 1.9 
2 -0.0737475 -0.29647 2 
2.1 -0.132335 -0.359202 2.1 
2.2 -0.189995 -0.418335 2.2 
2.3 -0.246323 -0.473276 2.3 
2.4 -0.300925 -0.523474 2.4 
2.5 -0.353418 -0.568425 2.5 
2.6 -0.403433 -0.607678 2.6 
2.7 -0.450619 -0.640841 2.7 
2.8 -0.494646 -0.66758 2.8 
2.9 -0.535205 -0.687628 2.9 
3 -0.572012 -0.700782 3 
3.1 -0.604808 -0.706911 3.1 
3.2 -0.633363 -0.705954 3.2 
3.3 -0.657478 -0.697919 3.3 
3.4 -0.676982 -0.682888 3.4 
3.5 -0.691739 -0.66101 3.5 
3.6 -0.701646 -0.632505 3.6 
3.7 -0.706633 -0.597659 3.7 
3.8 -0.706665 -0.55682 3.8 
3.9 -0.701741 -0.510398 3.9 
4 -0.691897 -0.458858 4 
4.1 -0.677201 -0.402717 4.1 
4.2 -0.657756 -0.342537 4.2 
4.3 -0.633698 -0.278922 4.3 
4.4 -0.605197 -0.212509 4.4 
4.5 -0.572451 -0.143963 4.5 
4.6 -0.535691 -0.0739733 4.6 
4.7 -0.495173 -0.0032399 4.7 
4.8 -0.451184 0.0675278 4.8 
4.9 -0.404029 0.13762 4.9 
5 -0.354041 0.206335 5 
5.1 -0.30157 0.272983 5.1 
5.2 -0.246983 0.336896 5.2 
5.3 -0.190664 0.397433 5.3 
5.4 -0.133008 0.453987 5.4 
5.5 -0.0744173 0.505991 5.5 
5.6 -0.0153045 0.552925 5.6 
5.7 0.0439163 0.594316 5.7 
5.8 0.10283 0.62975 5.8 
5.9 0.161023 0.658872 5.9 
6 0.218088 0.68139 6 
6.1 0.273624 0.697077 6.1 
6.2 0.327242 0.705776 6.2 
6.3 0.378566 0.7074 6.3 
6.4 0.427237 0.701933 6.4 
6.5 0.472911 0.689428 6.5 
6.6 0.515271 0.670012 6.6 
6.7 0.554017 0.643878 6.7 
6.8 0.588879 0.611289 6.8 
6.9 0.619613 0.572571 6.9 
7 0.646001 0.528112 7 
7.1 0.66786 0.478357 7.1 
7.2 0.685037 0.423806 7.2 
7.3 0.697409 0.365004 7.3 
7.4 0.704892 0.302542 7.4 
7.5 0.707431 0.237046 7.5 
7.6 0.70501 0.169171 7.6 
7.7 0.697646 0.0995987 7.7 
7.8 0.685389 0.0290262 7.8 
7.9 0.668326 -0.041839 7.9 
8 0.646576 -0.112287 8 
8.1 0.620292 -0.18161 8.1 
8.2 0.589658 -0.249115 8.2 
8.3 0.554889 -0.314124 8.3 
8.4 0.516228 -0.375986 8.4 
8.5 0.473947 -0.43408 8.5 
8.6 0.428342 -0.487823 8.6 
8.7 0.379733 -0.536678 8.7 
8.8 0.32846 -0.580154 8.8 
8.9 0.274884 -0.617814 8.9 
9 0.219379 -0.649282 9 
9.1 0.162335 -0.674242 9.1 
9.2 0.104153 -0.692443 9.2 
9.3 0.0452389 -0.703703 9.3 
9.4 -0.0139928 -0.707908 9.4 
9.5 -0.0731271 -0.705017 9.5 
9.6 -0.131749 -0.695058 9.6 
9.7 -0.189448 -0.678131 9.7 
9.8 -0.24582 -0.654405 9.8 
9.9 -0.300468 -0.624118 9.9 
10 -0.35301 -0.587574 10 
10.1 -0.403077 -0.545138 10.1 
10.2 -0.450319 -0.497236 10.2 
10.3 -0.494403 -0.444348 10.3 
10.4 -0.535021 -0.387004 10.4 
10.5 -0.571888 -0.325779 10.5 
10.6 -0.604745 -0.261287 10.6 
10.7 -0.633361 -0.194173 10.7 
10.8 -0.657537 -0.125112 10.8 
10.9 -0.677102 -0.054794 10.9 
11 -0.69192 0.0160748 11 
11.1 -0.701885 0.0867841 11.1 
11.2 -0.70693 0.156625 11.2 
11.3 -0.707016 0.224898 11.3 
11.4 -0.702146 0.290918 11.4 
11.5 -0.692351 0.354023 11.5 
11.6 -0.677702 0.41358 11.6 
11.7 -0.6583 0.468993 11.7 
11.8 -0.634281 0.519706 11.8 
11.9 -0.605815 0.565209 11.9 
12 -0.5731 0.605048 12 
12.1 -0.536366 0.638822 12.1 
12.2 -0.495871 0.666193 12.2 
12.3 -0.451897 0.686886 12.3 
12.4 -0.404755 0.700693 12.4 
12.5 -0.354773 0.707476 12.5 
12.6 -0.302304 0.707167 12.6 
12.7 -0.247713 0.699769 12.7 
12.8 -0.191385 0.685355 12.8 
12.9 -0.133715 0.66407 12.9 
13 -0.0751058 0.636128 13 
13.1 -0.0159694 0.601807 13.1 
13.2 0.0432797 0.561453 13.2 
13.3 0.102226 0.515468 13.3 
13.4 0.160456 0.464316 13.4 
13.5 0.217562 0.408507 13.5 
13.6 0.273143 0.348601 13.6 
13.7 0.326809 0.2852 13.7 
13.8 0.378184 0.218937 13.8 
13.9 0.426908 0.150478 13.9 
14 0.472639 0.0805089 14 
14.1 0.515056 0.00973084 14.1 
14.2 0.553862 -0.0611465 14.2 
14.3 0.588785 -0.131413 14.3 
14.4 0.61958 -0.200363 14.4 
14.5 0.64603 -0.267307 14.5 
14.6 0.66795 -0.331572 14.6 
14.7 0.685187 -0.392515 14.7 
14.8 0.697619 -0.449525 14.8 
14.9 0.70516 -0.50203 14.9 
15 0.707756 -0.549503 15 
15.1 0.705388 -0.591468 15.1 
15.2 0.698075 -0.627505 15.2 
15.3 0.685866 -0.657253 15.3 
15.4 0.668848 -0.680412 15.4 
15.5 0.64714 -0.69675 15.5 
15.6 0.620893 -0.706104 15.6 
15.7 0.590292 -0.708379 15.7 
15.8 0.555552 -0.703554 15.8 
15.9 0.516915 -0.691674 15.9 
16 0.474653 -0.672861 16 
16.1 0.429062 -0.647301 16.1 
16.2 0.380462 -0.615252 16.2 
16.3 0.329194 -0.577034 16.3 
16.4 0.275616 -0.53303 16.4 
16.5 0.220105 -0.483682 16.5 
16.6 0.16305 -0.429483 16.6 
16.7 0.104851 -0.370978 16.7 
16.8 0.0459165 -0.308752 16.8 
16.9 -0.0133412 -0.243429 16.9 
17 -0.0725061 -0.175664 17 
17.1 -0.131163 -0.106137 17.1 
17.2 -0.188901 -0.0355435 17.2 
17.3 -0.245316 0.0354079 17.3 
17.4 -0.30001 0.106006 17.4 
17.5 -0.352602 0.175543 17.5 
17.6 -0.402722 0.243322 17.6 
17.7 -0.450018 0.308664 17.7 
17.8 -0.494159 0.370913 17.8 
17.9 -0.534836 0.429445 17.9 
18 -0.571763 0.483673 18 
18.1 -0.60468 0.533054 18.1 
18.2 -0.633359 0.577092 18.2 
18.3 -0.657596 0.615346 18.3 
18.4 -0.677222 0.647432 18.4 
18.5 -0.6921 0.673028 18.5 
18.6 -0.702124 0.691878 18.6 
18.7 -0.707226 0.703792 18.7 
18.8 -0.707368 0.708652 18.8 
18.9 -0.70255 0.706406 18.9 
19 -0.692805 0.69708 19 
19.1 -0.678202 0.680764 19.1 
19.2 -0.658843 0.657624 19.2 
19.3 -0.634864 0.62789 19.3 
19.4 -0.606433 0.591861 19.4 
19.5 -0.573749 0.549898 19.5 
19.6 -0.537042 0.502421 19.6 
19.7 -0.496568 0.449906 19.7 
19.8 -0.452611 0.392879 19.8 
19.9 -0.405481 0.331913 19.9 
20 -0.355506 0.267617 20 
20.1 -0.303038 0.200637 20.1 
20.2 -0.248444 0.131644 20.2 
20.3 -0.192107 0.061329 20.3 
20.4 -0.134423 -0.0096022 20.4 
20.5 -0.0757948 -0.0804389 20.5 
20.6 -0.0166348 -0.150471 20.6 
20.7 0.0426426 -0.218996 20.7 
20.8 0.101622 -0.285328 20.8 
20.9 0.159889 -0.348801 20.9 
21 0.217036 -0.408779 21 
21.1 0.272661 -0.46466 21.1 
21.2 0.326375 -0.515884 21.2 
21.3 0.377802 -0.561938 21.3 
21.4 0.426579 -0.60236 21.4 
21.5 0.472366 -0.636744 21.5 
21.6 0.514841 -0.664745 21.6 
21.7 0.553707 -0.686084 21.7 
21.8 0.58869 -0.700544 21.8 
21.9 0.619546 -0.707982 21.9 
22 0.646057 -0.708323 22 
22.1 0.668039 -0.701563 22.1 
22.2 0.685336 -0.687769 22.2 
22.3 0.697828 -0.667081 22.3 
22.4 0.705427 -0.639704 22.4 
22.5 0.708079 -0.605914 22.5 
22.6 0.705766 -0.566048 22.6 
22.7 0.698504 -0.520507 22.7 
22.8 0.686344 -0.469746 22.8 
22.9 0.669371 -0.414275 22.9 
23 0.647703 -0.35465 23 
23.1 0.621494 -0.291468 23.1 
23.2 0.590926 -0.225362 23.2 
23.3 0.556215 -0.156995 23.3 
23.4 0.517602 -0.087053 23.4 
23.5 0.475359 -0.0162362 23.5 
23.6 0.429783 0.0547451 23.6 
23.7 0.381192 0.125179 23.7 
23.8 0.329928 0.19436 23.8 
23.9 0.276349 0.261595 23.9 
24 0.220832 0.326208 24 
24.1 0.163766 0.387553 24.1 
24.2 0.105551 0.445014 24.2 
24.3 0.0465946 0.498016 24.3 
24.4 -0.012689 0.546026 24.4 
24.5 -0.0718844 0.588563 24.5 
24.6 -0.130576 0.625201 24.6 
24.7 -0.188354 0.655573 24.7 
24.8 -0.244811 0.679373 24.8 
24.9 -0.299552 0.696363 24.9 
25 -0.352193 0.706372 25 
25.1 -0.402365 0.7093 25.1 
25.2 -0.449716 0.705118 25.2 
25.3 -0.493915 0.693866 25.3 
25.4 -0.53465 0.675659 25.4 
25.5 -0.571637 0.650677 25.5 
25.6 -0.604616 0.619172 25.6 
25.7 -0.633355 0.581459 25.7 
25.8 -0.657654 0.537915 25.8 
25.9 -0.677341 0.488978 25.9 
26 -0.692279 0.435138 26 
26.1 -0.702363 0.376934 26.1 
26.2 -0.707521 0.31495 26.2 
26.3 -0.707718 0.249807 26.3 
26.4 -0.702953 0.182158 26.4 
26.5 -0.693258 0.112681 26.5 
26.6 -0.678702 0.0420731 26.6 
26.7 -0.659387 -0.0289586 26.7 
26.8 -0.635447 -0.0997017 26.8 
26.9 -0.607051 -0.169447 26.9 
27 -0.574398 -0.237496 27 
27.1 -0.537717 -0.303165 27.1 
27.2 -0.497265 -0.365796 27.2 
27.3 -0.453325 -0.424763 27.3 
27.4 -0.406206 -0.479472 27.4 
27.5 -0.356238 -0.529376 27.5 
27.6 -0.303772 -0.573974 27.6 
27.7 -0.249174 -0.61282 27.7 
27.8 -0.192829 -0.645522 27.8 
27.9 -0.135131 -0.671754 27.9 
28 -0.0764843 -0.691253 28 
28.1 -0.0173008 -0.703822 28.1 
28.2 0.0420048 -0.709336 28.2 
28.3 0.101017 -0.707739 28.3 
28.4 0.159321 -0.699046 28.4 
28.5 0.216508 -0.683346 28.5 
28.6 0.272178 -0.660794 28.6 
28.7 0.325941 -0.631618 28.7 
28.8 0.377418 -0.596109 28.8 
28.9 0.426249 -0.554622 28.9 
29 0.472092 -0.507575 29 
29.1 0.514626 -0.455438 29.1 
29.2 0.553551 -0.398735 29.2 
29.3 0.588594 -0.338032 29.3 
29.4 0.619511 -0.273939 29.4 
29.5 0.646084 -0.207098 29.5 
29.6 0.668127 -0.13818 29.6 
29.7 0.685485 -0.0678742 29.7 
29.8 0.698037 0.00311359 29.8 
29.9 0.705694 0.0740719 29.9 
30 0.708402 0.144289 30 
30.1 0.706143 0.213062 30.1 
30.2 0.698933 0.279701 30.2 
30.3 0.686821 0.343537 30.3 
30.4 0.669893 0.403931 30.4 
30.5 0.648267 0.460277 30.5 
30.6 0.622095 0.51201 30.6 
30.7 0.591561 0.558611 30.7 
30.8 0.556877 0.599614 30.8 
30.9 0.518289 0.634606 30.9 
31 0.476066 0.663238 31 
31.1 0.430504 0.685221 31.1 
31.2 0.381922 0.700335 31.2 
31.3 0.330662 0.708429 31.3 
31.4 0.277083 0.709421 31.4 
31.5 0.221559 0.703301 31.5 
31.6 0.164482 0.690131 31.6 
31.7 0.106251 0.670041 31.7 
31.8 0.0472732 0.643234 31.8 
31.9 -0.0120363 0.609978 31.9 
32 -0.0712621 0.570606 32 
32.1 -0.129989 0.525512 32.1 
32.2 -0.187805 0.47515 32.2 
32.3 -0.244305 0.420022 32.3 
32.4 -0.299092 0.360683 32.4 
32.5 -0.351783 0.297726 32.5 
32.6 -0.402008 0.231783 32.6 
32.7 -0.449414 0.163514 32.7 
32.8 -0.493669 0.093605 32.8 
32.9 -0.534463 0.0227555 32.9 
33 -0.57151 -0.0483238 33 
33.1 -0.60455 -0.118921 33.1 
33.2 -0.633351 -0.188327 33.2 
33.3 -0.657711 -0.255847 33.3 
33.4 -0.67746 -0.320804 33.4 
33.5 -0.692458 -0.382546 33.5 
33.6 -0.7026 -0.440455 33.6 
33.7 -0.707816 -0.49395 33.7 
33.8 -0.708069 -0.542494 33.8 
33.9 -0.703356 -0.585601 33.9 
34 -0.693711 -0.622839 34 
34.1 -0.679202 -0.653833 34.1 
34.2 -0.65993 -0.678274 34.2 
34.3 -0.63603 -0.695915 34.3 
34.4 -0.607669 -0.706581 34.4 
34.5 -0.575048 -0.710163 34.5 
34.6 -0.538393 -0.706626 34.6 
34.7 -0.497963 -0.696004 34.7 
34.8 -0.45404 -0.678406 34.8 
34.9 -0.406933 -0.654005 34.9 
35 -0.356971 -0.623048 35 
35.1 -0.304506 -0.585844 35.1 
35.2 -0.249906 -0.542765 35.2 
35.3 -0.193552 -0.494245 35.3 
35.4 -0.13584 -0.440768 35.4 
35.5 -0.0771745 -0.382872 35.5 
35.6 -0.0179674 -0.321136 35.6 
35.7 0.0413663 -0.256178 35.7 
35.8 0.100411 -0.188651 35.8 
35.9 0.158752 -0.119231 35.9 
36 0.21598 -0.0486145 36 
36.1 0.271695 0.0224916 36.1 
36.2 0.325505 0.093374 36.2 
36.3 0.377034 0.163322 36.3 
36.4 0.425919 0.231635 36.4 
36.5 0.471818 0.297627 36.5 
36.6 0.514409 0.360637 36.6 
36.7 0.553394 0.420033 36.7 
36.8 0.588498 0.47522 36.8 
36.9 0.619476 0.525644 36.9 
37 0.646111 0.5708 37 
37.1 0.668215 0.610235 37.1 
37.2 0.685634 0.643553 37.2 
37.3 0.698245 0.67042 37.3 
37.4 0.70596 0.690567 37.4 
37.5 0.708725 0.703792 37.5 
37.6 0.70652 0.709961 37.6 
37.7 0.699361 0.709014 37.7 
37.8 0.687298 0.700958 37.8 
37.9 0.670415 0.685875 37.9 
38 0.64883 0.663916 38 
38.1 0.622696 0.6353 38.1 
38.2 0.592195 0.600315 38.2 
38.3 0.55754 0.559311 38.3 
38.4 0.518976 0.512698 38.4 
38.5 0.476772 0.460945 38.5 
38.6 0.431225 0.40457 38.6 
38.7 0.382653 0.344137 38.7 
38.8 0.331397 0.280253 38.8 
38.9 0.277816 0.213557 38.9 
39 0.222287 0.144719 39 
39.1 0.165199 0.0744289 39.1 
39.2 0.106951 0.00339054 39.2 
39.3 0.0479525 -0.0676836 39.3 
39.4 -0.0113829 -0.138081 39.4 
39.5 -0.0706391 -0.207096 39.5 
39.6 -0.129401 -0.274036 39.6 
39.7 -0.187256 -0.338231 39.7 
39.8 -0.243798 -0.399037 39.8 
39.9 -0.298632 -0.455844 39.9 
40 -0.351372 -0.508083 40 
40.1 -0.401649 -0.555229 40.1 
40.2 -0.449111 -0.59681 40.2 
40.3 -0.493423 -0.63241 40.3 
40.4 -0.534276 -0.66167 40.4 
40.5 -0.571383 -0.684298 40.5 
40.6 -0.604484 -0.700066 40.6 
40.7 -0.633346 -0.708817 40.7 
40.8 -0.657768 -0.710461 40.8 
40.9 -0.677577 -0.704984 40.9 
41 -0.692636 -0.692439 41 
41.1 -0.702837 -0.672952 41.1 
41.2 -0.708111 -0.646718 41.2 
41.3 -0.708419 -0.614 41.3 
41.4 -0.703759 -0.575126 41.4 
41.5 -0.694164 -0.530485 41.5 
41.6 -0.679702 -0.480525 41.6 
41.7 -0.660473 -0.425747 41.7 
41.8 -0.636612 -0.366699 41.8 
41.9 -0.608287 -0.303973 41.9 
42 -0.575697 -0.238199 42 
42.1 -0.539069 -0.170035 42.1 
42.2 -0.49866 -0.100164 42.2 
42.3 -0.454754 -0.0292882 42.3 
42.4 -0.407659 0.0418834 42.4 
42.5 -0.357705 0.112637 42.5 
42.6 -0.305241 0.182263 42.6 
42.7 -0.250637 0.250064 42.7 
42.8 -0.194274 0.315359 42.8 
42.9 -0.136549 0.377495 42.9 
43 -0.0778651 0.435848 43 
43.1 -0.0186346 0.489832 43.1 
43.2 0.0407273 0.538908 43.2 
43.3 0.0998043 0.582582 43.3 
43.4 0.158182 0.620417 43.4 
43.5 0.215452 0.652034 43.5 
43.6 0.271211 0.677114 43.6 
43.7 0.325069 0.695407 43.7 
43.8 0.376649 0.706729 43.8 
43.9 0.425587 0.710967 43.9 
44 0.471543 0.708077 44 
44.1 0.514192 0.698088 44.1 
44.2 0.553236 0.681101 44.2 
44.3 0.588401 0.657285 44.3 
44.4 0.61944 0.62688 44.4 
44.5 0.646137 0.590189 44.5 
44.6 0.668302 0.547581 44.6 
44.7 0.685782 0.499482 44.7 
44.8 0.698453 0.446375 44.8 
44.9 0.706226 0.388791 44.9 
45 0.709047 0.327308 45 
45.1 0.706897 0.262543 45.1 
45.2 0.699789 0.195144 45.2 
45.3 0.687774 0.125787 45.3 
45.4 0.670936 0.0551671 45.4 
45.5 0.649393 -0.0160075 45.5 
45.6 0.623297 -0.0870234 45.6 
45.7 0.592829 -0.157169 45.7 
45.8 0.558203 -0.22574 45.8 
45.9 0.519663 -0.29205 45.9 
46 0.477479 -0.355434 46 
46.1 0.431946 -0.415257 46.1 
46.2 0.383383 -0.470917 46.2 
46.3 0.332132 -0.521859 46.3 
46.4 0.27855 -0.56757 46.4 
46.5 0.223015 -0.607592 46.5 
46.6 0.165916 -0.641524 46.6 
46.7 0.107652 -0.669026 46.7 
46.8 0.0486323 -0.689821 46.8 
46.9 -0.0107289 -0.703701 46.9 
47 -0.0700155 -0.710528 47 
47.1 -0.128812 -0.710231 47.1 
47.2 -0.186706 -0.702814 47.2 
47.3 -0.243291 -0.688351 47.3 
47.4 -0.298171 -0.666988 47.4 
47.5 -0.350961 -0.638937 47.5 
47.6 -0.40129 -0.60448 47.6 
47.7 -0.448807 -0.563962 47.7 
47.8 -0.493176 -0.51779 47.8 
47.9 -0.534088 -0.466426 47.9 
48 -0.571255 -0.410384 48 
48.1 -0.604417 -0.350227 48.1 
48.2 -0.633341 -0.286557 48.2 
48.3 -0.657824 -0.220013 48.3 
48.4 -0.677695 -0.151262 48.4 
48.5 -0.692813 -0.0809928 48.5 
48.6 -0.703074 -0.00990969 48.6 
48.7 -0.708405 0.0612745 48.7 
48.8 -0.708768 0.131846 48.8 
48.9 -0.704161 0.201098 48.9 
49 -0.694617 0.268335 49 
49.1 -0.680201 0.332884 49.1 
49.2 -0.661016 0.394098 49.2 
49.3 -0.637195 0.451362 49.3 
49.4 -0.608905 0.504103 49.4 
49.5 -0.576346 0.551791 49.5 
49.6 -0.539744 0.593949 49.6 
49.7 -0.499358 0.630154 49.7 
49.8 -0.455469 0.660042 49.8 
49.9 -0.408386 0.683314 49.9 
50 -0.358438 0.699736 50 
50.1 -0.305977 0.709144 50.1 
50.2 -0.251369 0.711443 50.2 
50.3 -0.194998 0.70661 50.3 
50.4 -0.137259 0.694693 50.4 
50.5 -0.0785564 0.675812 50.5 
50.6 -0.0193024 0.650154 50.6 
50.7 0.0400876 0.617979 50.7 
50.8 0.0991972 0.579607 50.8 
50.9 0.157612 0.535424 50.9 
51 0.214922 0.485872 51 
51.1 0.270726 0.431448 51.1 
51.2 0.324632 0.372698 51.2 
51.3 0.376263 0.31021 51.3 
51.4 0.425255 0.24461 51.4 
51.5 0.471267 0.176556 51.5 
51.6 0.513974 0.106731 51.6 
51.7 0.553077 0.0358338 51.7 
51.8 0.588303 -0.0354242 51.8 
51.9 0.619404 -0.106329 51.9 
52 0.646162 -0.176169 52 
52.1 0.668389 -0.244246 52.1 
52.2 0.685929 -0.309875 52.2 
52.3 0.69866 -0.372399 52.3 
52.4 0.706491 -0.431192 52.4 
52.5 0.709369 -0.485663 52.5 
52.6 0.707273 -0.535267 52.6 
52.7 0.700217 -0.579507 52.7 
52.8 0.68825 -0.617937 52.8 
52.9 0.671458 -0.650174 52.9 
53 0.649956 -0.675894 53 
53.1 0.623897 -0.694839 53.1 
53.2 0.593463 -0.706818 53.2 
53.3 0.558866 -0.711712 53.3 
53.4 0.520351 -0.709471 53.4 
53.5 0.478186 -0.700117 53.5 
53.6 0.432667 -0.683744 53.6 
53.7 0.384114 -0.660517 53.7 
53.8 0.332867 -0.630667 53.8 
53.9 0.279285 -0.594494 53.9 
54 0.223744 -0.552361 54 
54.1 0.166633 -0.504689 54.1 
54.2 0.108353 -0.451956 54.2 
54.3 0.0493127 -0.394691 54.3 
54.4 -0.0100742 -0.333468 54.4 
54.5 -0.0693912 -0.2689 54.5 
54.6 -0.128222 -0.201635 54.6 
54.7 -0.186155 -0.132347 54.7 
54.8 -0.242783 -0.0617304 54.8 
54.9 -0.29771 0.00950679 54.9 
55 -0.350549 0.0806505 55 
55.1 -0.400931 0.150987 55.1 
55.2 -0.448502 0.219813 55.2 
55.3 -0.492929 0.286436 55.3 
55.4 -0.533899 0.350189 55.4 
55.5 -0.571126 0.410433 55.5 
55.6 -0.604349 0.466565 55.6 
55.7 -0.633335 0.51802 55.7 
55.8 -0.65788 0.564283 55.8 
55.9 -0.677811 0.604891 55.9 
56 -0.69299 0.639435 56 
56.1 -0.70331 0.667571 56.1 
56.2 -0.708698 0.689014 56.2 
56.3 -0.709117 0.703551 56.3 
56.4 -0.704563 0.711035 56.4 
56.5 -0.695069 0.711391 56.5 
56.6 -0.6807 0.704615 56.6 
56.7 -0.661558 0.690775 56.7 
56.8 -0.637777 0.67001 56.8 
56.9 -0.609523 0.642528 56.9 
57 -0.576995 0.608603 57 
57.1 -0.54042 0.568577 57.1 
57.2 -0.500055 0.522849 57.2 
57.3 -0.456184 0.471879 57.3 
57.4 -0.409113 0.416177 57.4 
57.5 -0.359172 0.356301 57.5 
57.6 -0.306712 0.292852 57.6 
57.7 -0.252101 0.226466 57.7 
57.8 -0.195722 0.157807 57.8 
57.9 -0.137969 0.0875651 57.9 
58 -0.0792481 0.0164433 58 
58.1 -0.0199708 -0.0548451 58.1 
58.2 0.0394473 -0.125585 58.2 
58.3 0.0985895 -0.195069 58.3 
58.4 0.157041 -0.262598 58.4 
58.5 0.214392 -0.327496 58.5 
58.6 0.270241 -0.389113 58.6 
58.7 0.324195 -0.446831 58.7 
58.8 0.375876 -0.500071 58.8 
58.9 0.424922 -0.548298 58.9 
59 0.47099 -0.591031 59 
59.1 0.513755 -0.627839 59.1 
59.2 0.552918 -0.658354 59.2 
59.3 0.588204 -0.68227 59.3 
59.4 0.619367 -0.699346 59.4 
59.5 0.646186 -0.709412 59.5 
59.6 0.668474 -0.712367 59.6 
59.7 0.686076 -0.70818 59.7 
59.8 0.698866 -0.696894 59.8 
59.9 0.706756 -0.67862 59.9 
60 0.709691 -0.653544 60 
60.1 0.707648 -0.621915 60.1 
60.2 0.700644 -0.58405 60.2 
60.3 0.688726 -0.540329 60.3 
60.4 0.671979 -0.491191 60.4 
60.5 0.650519 -0.437127 60.5 
60.6 0.624498 -0.378679 60.6 
60.7 0.594097 -0.316434 60.7 
60.8 0.559529 -0.251015 60.8 
60.9 0.521038 -0.183078 60.9 
61 0.478893 -0.113304 61 
61.1 0.433389 -0.0423917 61.1 
61.2 0.384845 0.0289468 61.2 
61.3 0.333602 0.0999969 61.3 
61.4 0.28002 0.170046 61.4 
61.5 0.224473 0.238393 61.5 
61.6 0.167351 0.304351 61.6 
61.7 0.109055 0.36726 61.7 
61.8 0.0499937 0.426489 61.8 
61.9 -0.009419 0.481443 61.9 
62 -0.0687663 0.531573 62 
62.1 -0.127632 0.576374 62.1 
62.2 -0.185604 0.615399 62.2 
62.3 -0.242275 0.648255 62.3 
62.4 -0.297247 0.674613 62.4 
62.5 -0.350136 0.694209 62.5 
62.6 -0.40057 0.706846 62.6 
62.7 -0.448196 0.712398 62.7 
62.8 -0.49268 0.710807 62.8 
62.9 -0.53371 0.702091 62.9 
63 -0.570997 0.686336 63 
63.1 -0.604281 0.6637 63.1 
63.2 -0.633328 0.63441 63.2 
63.3 -0.657934 0.598759 63.3 
63.4 -0.677927 0.557105 63.4 
63.5 -0.693167 0.509865 63.5 
63.6 -0.703546 0.457512 63.6 
63.7 -0.708991 0.400571 63.7 
63.8 -0.709466 0.339613 63.8 
63.9 -0.704965 0.275249 63.9 
64 -0.695521 0.208124 64 
64.1 -0.681199 0.138911 64.1 
64.2 -0.6621 0.0683039 64.2 
64.3 -0.638359 -0.00298997 64.3 
64.4 -0.610141 -0.0742557 64.4 
64.5 -0.577644 -0.144779 64.5 
64.6 -0.541096 -0.213852 64.6 
64.7 -0.500753 -0.280784 64.7 
64.8 -0.456899 -0.344902 64.8 
64.9 -0.40984 -0.405564 64.9 
65 -0.359906 -0.462162 65 
65.1 -0.307448 -0.514128 65.1 
65.2 -0.252834 -0.560941 65.2 
65.3 -0.196446 -0.602132 65.3 
65.4 -0.13868 -0.637287 65.4 
65.5 -0.0799404 -0.666055 65.5 
65.6 -0.0206398 -0.688146 65.6 
65.7 0.0388063 -0.70334 65.7 
65.8 0.0979811 -0.711482 65.8 
65.9 0.156469 -0.712492 65.9 
66 0.213861 -0.70636 66 
66.1 0.269754 -0.693146 66.1 
66.2 0.323756 -0.672982 66.2 
66.3 0.375489 -0.646072 66.3 
66.4 0.424589 -0.612684 66.4 
66.5 0.470712 -0.573153 66.5 
66.6 0.513535 -0.527876 66.6 
66.7 0.552758 -0.477305 66.7 
66.8 0.588105 -0.421948 66.8 
66.9 0.619329 -0.36236 66.9 
67 0.64621 -0.299137 67 
67.1 0.66856 -0.232914 67.1 
67.2 0.686222 -0.164354 67.2 
67.3 0.699072 -0.0941455 67.3 
67.4 0.707021 -0.0229909 67.4 
67.5 0.710011 0.0483959 67.5 
67.6 0.708023 0.119299 67.6 
67.7 0.701071 0.189009 67.7 
67.8 0.689202 0.256825 67.8 
67.9 0.6725 0.322068 67.9 
68 0.651082 0.384084 68 
68.1 0.625098 0.442251 68.1 
68.2 0.594731 0.495986 68.2 
68.3 0.560192 0.54475 68.3 
68.4 0.521726 0.588055 68.4 
68.5 0.4796 0.625465 68.5 
68.6 0.434111 0.656605 68.6 
68.7 0.385577 0.681164 68.7 
68.8 0.334338 0.698895 68.8 
68.9 0.280755 0.70962 68.9 
69 0.225202 0.713232 69 
69.1 0.168069 0.709693 69.1 
69.2 0.109757 0.69904 69.2 
69.3 0.0506752 0.681378 69.3 
69.4 -0.00876315 0.656885 69.4 
69.5 -0.0681408 0.625806 69.5 
69.6 -0.127041 0.588453 69.6 
69.7 -0.185052 0.5452 69.7 
69.8 -0.241765 0.49648 69.8 
69.9 -0.296784 0.442781 69.9 
70 -0.349722 0.384642 70 
70.1 -0.400209 0.322646 70.1 
70.2 -0.44789 0.257414 70.2 
70.3 -0.492431 0.189599 70.3 
70.4 -0.533519 0.119882 70.4 
70.5 -0.570867 0.0489615 70.5 
70.6 -0.604212 -0.0224517 70.6 
70.7 -0.633321 -0.0936415 70.7 
70.8 -0.657989 -0.163894 70.8 
70.9 -0.678043 -0.232506 70.9 
71 -0.693343 -0.298788 71 
71.1 -0.703781 -0.362077 71.1 
71.2 -0.709284 -0.421738 71.2 
71.3 -0.709814 -0.477172 71.3 
71.4 -0.705366 -0.527824 71.4 
71.5 -0.695972 -0.573185 71.5 
71.6 -0.681697 -0.612802 71.6 
71.7 -0.662643 -0.646276 71.7 
71.8 -0.638941 -0.673272 71.8 
71.9 -0.610758 -0.69352 71.9 
72 -0.578293 -0.706815 72 
72.1 -0.541772 -0.713025 72.1 
72.2 -0.501451 -0.712086 72.2 
72.3 -0.457614 -0.70401 72.3 
72.4 -0.410567 -0.688875 72.4 
72.5 -0.360641 -0.666834 72.5 
72.6 -0.308185 -0.638107 72.6 
72.7 -0.253567 -0.602983 72.7 
72.8 -0.197171 -0.561813 72.8 
72.9 -0.139391 -0.515009 72.9 
73 -0.0806333 -0.463042 73 
73.1 -0.0213094 -0.406431 73.1 
73.2 0.0381647 -0.345744 73.2 
73.3 0.097372 -0.28159 73.3 
73.4 0.155897 -0.214611 73.4 
73.5 0.21333 -0.145479 73.5 
73.6 0.269267 -0.0748871 73.6 
73.7 0.323317 -0.00354243 73.7 
73.8 0.375101 0.0678395 73.8 
73.9 0.424254 0.138543 73.9 
74 0.470434 0.20786 74 
74.1 0.513315 0.275094 74.1 
74.2 0.552597 0.339572 74.2 
74.3 0.588005 0.400648 74.3 
74.4 0.61929 0.457709 74.4 
74.5 0.646233 0.510182 74.5 
74.6 0.668644 0.557543 74.6 
74.7 0.686367 0.599315 74.7 
74.8 0.699277 0.63508 74.8 
74.9 0.707284 0.664479 74.9 
75 0.710332 0.687218 75 
75.1 0.708398 0.703068 75.1 
75.2 0.701497 0.71187 75.2 
75.3 0.689677 0.713536 75.3 
75.4 0.67302 0.708048 75.4 
75.5 0.651644 0.695462 75.5 
75.6 0.625698 0.675904 75.6 
75.7 0.595364 0.64957 75.7 
75.8 0.560855 0.616723 75.8 
75.9 0.522413 0.577692 75.9 
76 0.480307 0.532869 76 
76.1 0.434833 0.482703 76.1 
76.2 0.386308 0.427697 76.2 
76.3 0.335074 0.368401 76.3 
76.4 0.28149 0.305411 76.4 
76.5 0.225932 0.239358 76.5 
76.6 0.168788 0.170903 76.6 
76.7 0.11046 0.100733 76.7 
76.8 0.0513573 0.029552 76.8 
76.9 -0.00810669 -0.0419273 76.9 
77 -0.0675146 -0.112988 77 
77.1 -0.12645 -0.182918 77.1 
77.2 -0.184499 -0.251016 77.2 
77.3 -0.241255 -0.316599 77.3 
77.4 -0.29632 -0.37901 77.4 
77.5 -0.349308 -0.437623 77.5 
77.6 -0.399847 -0.49185 77.6 
77.7 -0.447583 -0.541148 77.7 
77.8 -0.492181 -0.585022 77.8 
77.9 -0.533328 -0.623032 77.9 
78 -0.570736 -0.654797 78 
78.1 -0.604142 -0.679999 78.1 
78.2 -0.633312 -0.698384 78.2 
78.3 -0.658042 -0.709769 78.3 
78.4 -0.678158 -0.714038 78.4 
78.5 -0.693518 -0.711149 78.5 
78.6 -0.704015 -0.701131 78.6 
78.7 -0.709576 -0.684084 78.7 
78.8 -0.710161 -0.660178 78.8 
78.9 -0.705767 -0.629654 78.9 
79 -0.696423 -0.592816 79 
79.1 -0.682196 -0.550035 79.1 
79.2 -0.663185 -0.501738 79.2 
79.3 -0.639523 -0.448411 79.3 
79.4 -0.611376 -0.390586 79.4 
79.5 -0.578942 -0.328845 79.5 
79.6 -0.542448 -0.263805 79.6 
79.7 -0.502149 -0.196119 79.7 
79.8 -0.458329 -0.126466 79.8 
79.9 -0.411295 -0.0555425 79.9 
80 -0.361375 0.0159394 80 
80.1 -0.308921 0.0872632 80.1 
80.2 -0.254301 0.157714 80.2 
80.3 -0.197896 0.226586 80.3 
80.4 -0.140103 0.293187 80.4 
80.5 -0.0813267 0.356851 80.5 
80.6 -0.0219795 0.41694 80.6 
80.7 0.0375225 0.47285 80.7 
80.8 0.0967622 0.524021 80.8 
80.9 0.155324 0.56994 80.9 
81 0.212798 0.610146 81 
81.1 0.268779 0.644237 81.1 
81.2 0.322877 0.67187 81.2 
81.3 0.374712 0.692769 81.3 
81.4 0.423919 0.706723 81.4 
81.5 0.470155 0.713592 81.5 
81.6 0.513094 0.713308 81.6 
81.7 0.552436 0.705873 81.7 
81.8 0.587904 0.691361 81.8 
81.9 0.619251 0.669918 81.9 
82 0.646255 0.641759 82 
82.1 0.668728 0.607165 82.1 
82.2 0.686512 0.566483 82.2 
82.3 0.699482 0.520122 82.3 
82.4 0.707548 0.468545 82.4 
82.5 0.710652 0.41227 82.5 
82.6 0.708773 0.35186 82.6 
82.7 0.701923 0.287921 82.7 
82.8 0.690152 0.221095 82.8 
82.9 0.673541 0.15205 82.9 
83 0.652206 0.0814793 83 
83.1 0.626298 0.0100899 83.1 
83.2 0.595998 -0.0614024 83.2 
83.3 0.561518 -0.132281 83.3 
83.4 0.523101 -0.201835 83.4 
83.5 0.481014 -0.269368 83.5 
83.6 0.435555 -0.334202 83.6 
83.7 0.38704 -0.395687 83.7 
83.8 0.335811 -0.453207 83.8 
83.9 0.282226 -0.506184 83.9 
84 0.226662 -0.554089 84 
84.1 0.169508 -0.59644 84.1 
84.2 0.111164 -0.632813 84.2 
84.3 0.05204 -0.662843 84.3 
84.4 -0.00744962 -0.686229 84.4 
84.5 -0.0668877 -0.702736 84.5 
84.6 -0.125857 -0.712198 84.6 
84.7 -0.183945 -0.714521 84.7 
84.8 -0.240744 -0.70968 84.8 
84.9 -0.295856 -0.697725 84.9 
85 -0.348893 -0.678775 85 
85.1 -0.399484 -0.65302 85.1 
85.2 -0.447275 -0.620718 85.2 
85.3 -0.49193 -0.582192 85.3 
85.4 -0.533136 -0.537829 85.4 
85.5 -0.570604 -0.488073 85.5 
85.6 -0.604072 -0.433422 85.6 
85.7 -0.633304 -0.374426 85.7 
85.8 -0.658095 -0.311674 85.8 
85.9 -0.678272 -0.245796 85.9 
86 -0.693693 -0.177452 86 
86.1 -0.704249 -0.107328 86.1 
86.2 -0.709868 -0.036126 86.2 
86.3 -0.710509 0.03544 86.3 
86.4 -0.706167 0.106652 86.4 
86.5 -0.696874 0.176798 86.5 
86.6 -0.682694 0.245172 86.6 
86.7 -0.663726 0.31109 86.7 
86.8 -0.640104 0.373892 86.8 
86.9 -0.611993 0.432946 86.9 
87 -0.579591 0.487662 87 
87.1 -0.543124 0.53749 87.1 
87.2 -0.502847 0.581931 87.2 
87.3 -0.459045 0.62054 87.3 
87.4 -0.412022 0.652928 87.4 
87.5 -0.36211 0.678772 87.5 
87.6 -0.309659 0.697812 87.6 
87.7 -0.255035 0.709856 87.7 
87.8 -0.198622 0.714785 87.8 
87.9 -0.140815 0.712548 87.9 
88 -0.0820207 0.703168 88 
88.1 -0.0226503 0.686738 88.1 
88.2 0.0368797 0.663423 88.2 
88.3 0.0961518 0.633457 88.3 
88.4 0.15475 0.597139 88.4 
88.5 0.212265 0.554835 88.5 
88.6 0.268291 0.506967 88.6 
88.7 0.322437 0.454015 88.7 
88.8 0.374322 0.396511 88.8 
88.9 0.423583 0.335031 88.9 
89 0.469875 0.27019 89 
89.1 0.512872 0.202638 89.1 
89.2 0.552274 0.133054 89.2 
89.3 0.587803 0.0621342 89.3 
89.4 0.61921 -0.00941038 89.4 
89.5 0.646277 -0.0808624 89.5 
89.6 0.668811 -0.151506 89.6 
89.7 0.686656 -0.220632 89.7 
89.8 0.699686 -0.287548 89.8 
89.9 0.70781 -0.351583 89.9 
90 0.710971 -0.412095 90 
90.1 0.709146 -0.468477 90.1 
90.2 0.702349 -0.520164 90.2 
90.3 0.690626 -0.566638 90.3 
90.4 0.674061 -0.607432 90.4 
90.5 0.652768 -0.642138 90.5 
90.6 0.626898 -0.670408 90.6 
90.7 0.596632 -0.691957 90.7 
90.8 0.562182 -0.70657 90.8 
90.9 0.523788 -0.7141 90.9 
91 0.481722 -0.714471 91 
91.1 0.436277 -0.70768 91.1 
91.2 0.387772 -0.693794 91.2 
91.3 0.336548 -0.672952 91.3 
91.4 0.282963 -0.645364 91.4 
91.5 0.227393 -0.611305 91.5 
91.6 0.170228 -0.571117 91.6 
91.7 0.111868 -0.525202 91.7 
91.8 0.0527232 -0.474021 91.8 
91.9 -0.00679193 -0.418087 91.9 
92 -0.0662602 -0.35796 92 
92.1 -0.125265 -0.294243 92.1 
92.2 -0.183391 -0.227575 92.2 
92.3 -0.240233 -0.158623 92.3 
92.4 -0.29539 -0.0880801 92.4 
92.5 -0.348477 -0.0166519 92.5 
92.6 -0.399121 0.054945 92.6 
92.7 -0.446967 0.125993 92.7 
92.8 -0.491679 0.195779 92.8 
92.9 -0.532944 0.263605 92.9 
93 -0.570472 0.32879 93 
93.1 -0.604001 0.39068 93.1 
93.2 -0.633294 0.448655 93.2 
93.3 -0.658147 0.502134 93.3 
93.4 -0.678385 0.55058 93.4 
93.5 -0.693867 0.593508 93.5 
93.6 -0.704483 0.630487 93.6 
93.7 -0.710159 0.661146 93.7 
93.8 -0.710855 0.685179 93.8 
93.9 -0.706567 0.702342 93.9 
94 -0.697324 0.712466 94 
94.1 -0.683191 0.715447 94.1 
94.2 -0.664268 0.711256 94.2 
94.3 -0.640686 0.699934 94.3 
94.4 -0.612611 0.681595 94.4 
94.5 -0.58024 0.656423 94.5 
94.6 -0.5438 0.624669 94.6 
94.7 -0.503546 0.586653 94.7 
94.8 -0.45976 0.542754 94.8 
94.9 -0.41275 0.493413 94.9 
95 -0.362846 0.439124 95 
95.1 -0.310396 0.380432 95.1 
95.2 -0.255769 0.317925 95.2 
95.3 -0.199348 0.252228 95.3 
95.4 -0.141528 0.184002 95.4 
95.5 -0.0827152 0.113929 95.5 
95.6 -0.0233216 0.0427123 95.6 
95.7 0.0362362 -0.0289344 95.7 
95.8 0.0955407 -0.100293 95.8 
95.9 0.154176 -0.170648 95.9 
96 0.211731 -0.239293 96 
96.1 0.267802 -0.305542 96.1 
96.2 0.321995 -0.368729 96.2 
96.3 0.373932 -0.428221 96.3 
96.4 0.423247 -0.483422 96.4 
96.5 0.469594 -0.533778 96.5 
96.6 0.51265 -0.578784 96.6 
96.7 0.552111 -0.617989 96.7 
96.8 0.5877 -0.651 96.8 
96.9 0.61917 -0.677485 96.9 
97 0.646298 -0.697179 97 
97.1 0.668894 -0.709884 97.1 
97.2 0.6868 -0.715473 97.2 
97.3 0.69989 -0.713889 97.3 
97.4 0.708073 -0.705149 97.4 
97.5 0.71129 -0.689339 97.5 
97.6 0.70952 -0.666618 97.6 
97.7 0.702774 -0.637214 97.7 
97.8 0.691101 -0.601421 97.8 
97.9 0.674581 -0.559598 97.9 
98 0.65333 -0.512164 98 
98.1 0.627498 -0.459595 98.1 
98.2 0.597266 -0.402416 98.2 
98.3 0.562845 -0.341202 98.3 
98.4 0.524476 -0.276566 98.4 
98.5 0.48243 -0.209156 98.5 
98.6 0.437 -0.139647 98.6 
98.7 0.388505 -0.0687362 98.7 
98.8 0.337285 0.00286523 98.8 
98.9 0.283699 0.0744397 98.9 
99 0.228124 0.14527 99 
99.1 0.170948 0.214645 99.1 
99.2 0.112572 0.28187 99.2 
99.3 0.053407 0.346272 99.3 
99.4 -0.00613364 0.407203 99.4 
99.5 -0.065632 0.464054 99.5 
99.6 -0.124671 0.516254 99.6 
99.7 -0.182836 0.56328 99.7 
99.8 -0.23972 0.60466 99.8 
99.9 -0.294924 0.63998 99.9 
100 -0.34806 0.668885 100 
